   2.7099288e+02
   2.7105618e+02
   2.8513731e+02
   2.5698932e+02
   2.2627401e+02
   2.9561817e+02
   2.7778178e+02
   2.8506415e+02
   2.9306669e+02
   2.7488116e+02
   2.6919696e+02
   2.4881578e+02
   2.6440966e+02
   2.5574717e+02
   2.4181048e+02
   2.7964273e+02
   3.0484842e+02
   2.9292209e+02
   2.3965886e+02
   3.0212217e+02
   2.5682843e+02
   2.8417481e+02
   2.5975263e+02
   2.8952930e+02
   2.7440125e+02
   2.7279388e+02
   2.7105567e+02
   2.6613582e+02
   2.6285080e+02
   2.6852275e+02
   2.8186876e+02
   2.4792023e+02
   2.6406210e+02
   2.7983387e+02
   2.7322294e+02
   3.0369041e+02
   2.6299836e+02
   2.6275950e+02
   3.0293485e+02
   2.9279766e+02
   2.8602962e+02
   2.4521792e+02
   2.6774006e+02
   2.8157358e+02
   2.8855213e+02
   2.6658319e+02
   2.7780395e+02
   2.8194769e+02
   2.8491000e+02
   2.7680854e+02
   2.7249085e+02
   2.7926709e+02
   2.8981910e+02
   2.7071694e+02
   2.7821849e+02
   2.9002369e+02
   2.5571179e+02
   2.6973891e+02
   2.7336998e+02
   2.6611384e+02
   2.7045185e+02
   2.7747420e+02
   2.8148724e+02
   2.6554617e+02
   2.4938993e+02
   2.7735500e+02
   2.7595907e+02
   2.6897711e+02
   2.9961004e+02
   2.7282542e+02
   2.7225969e+02
   3.0482372e+02
   2.6329487e+02
   2.6542971e+02
   2.9035879e+02
   2.8526533e+02
   2.8717113e+02
   2.7794383e+02
   3.1534530e+02
   2.6158104e+02
   2.8885020e+02
   2.6811473e+02
   2.5680755e+02
   2.6080272e+02
   3.1182627e+02
   2.6679874e+02
   2.8829620e+02
   2.5936597e+02
   2.8282671e+02
   2.7852341e+02
   2.8006696e+02
   2.8316283e+02
   2.5781687e+02
   2.5436072e+02
   2.8059676e+02
   2.7396129e+02
   2.7866702e+02
   2.9722539e+02
   2.6630505e+02
   2.6931791e+02
   2.9124161e+02
   2.6311676e+02
   2.8046199e+02
   2.8231212e+02
   2.5169089e+02
   2.7825394e+02
   3.0264364e+02
   2.4533151e+02
   2.6094288e+02
   2.5256842e+02
   2.6816124e+02
   2.4984521e+02
   2.7160630e+02
   2.7876635e+02
   2.6995259e+02
   2.7411813e+02
   2.5302557e+02
   2.8021228e+02
   2.6913500e+02
   2.9702215e+02
   2.7964291e+02
   2.5867313e+02
   2.9002841e+02
   2.9392987e+02
   2.7763466e+02
   2.7511631e+02
   2.7143751e+02
   2.3924655e+02
   2.7069852e+02
   2.8142045e+02
   2.6623869e+02
   2.6082745e+02
   2.5200106e+02
   2.5146957e+02
   2.5424723e+02
   2.5972905e+02
   2.7878222e+02
   3.0919321e+02
   2.9669835e+02
   2.9793142e+02
   2.9401159e+02
   2.8699916e+02
   2.9402926e+02
   2.6603839e+02
   2.6901740e+02
   2.8895213e+02
   2.6630905e+02
   2.8526387e+02
   2.8732633e+02
   2.7087377e+02
   2.8681930e+02
   2.5634861e+02
   2.6122842e+02
   2.4293207e+02
   2.7714065e+02
   2.6681338e+02
   2.8357013e+02
   2.6683336e+02
   2.6847459e+02
   2.8645330e+02
   2.9632724e+02
   2.8799534e+02
   2.6265018e+02
   2.8100788e+02
   2.6675532e+02
   2.6531479e+02
   2.6380326e+02
   2.6887873e+02
   2.9571322e+02
   2.6683516e+02
   2.6683594e+02
   2.8704214e+02
   2.8887119e+02
   2.6984645e+02
   2.7044238e+02
   2.9295303e+02
   2.8239715e+02
   2.7029620e+02
   2.6723263e+02
   2.9574858e+02
   2.6889476e+02
   2.2985905e+02
   2.8414052e+02
   2.6045587e+02
   2.5231713e+02
   2.5797555e+02
   2.5158119e+02
   2.8763219e+02
   2.6802358e+02
   2.2945359e+02
   3.0662807e+02
   2.6728059e+02
   2.6524262e+02
   2.8218714e+02
   2.8486657e+02
   2.8249620e+02
   2.4782990e+02
   2.8688965e+02
   2.5847971e+02
   2.8433731e+02
   2.9337094e+02
   3.0047847e+02
   2.8769317e+02
   2.9450044e+02
   2.7535985e+02
   2.9807241e+02
   2.5351778e+02
   2.5514138e+02
   2.8312937e+02
   2.4029960e+02
   2.8092677e+02
   2.9890173e+02
   2.6459332e+02
   2.7689722e+02
   2.6836361e+02
   2.6529519e+02
   2.8369833e+02
   2.8355329e+02
   2.6494406e+02
   2.6981146e+02
   2.5707088e+02
   2.6635323e+02
   2.7306027e+02
   2.8468548e+02
   2.4028500e+02
   3.0751560e+02
   3.0179518e+02
   2.8887831e+02
   2.6584463e+02
   2.8575667e+02
   2.8945358e+02
   2.9587532e+02
   2.6716666e+02
   2.7027096e+02
   3.0773608e+02
   2.8181163e+02
   2.4458326e+02
   2.8480310e+02
   2.8303310e+02
   2.8660223e+02
   2.7323997e+02
   2.8663233e+02
   2.7505131e+02
   2.9228892e+02
   2.7866931e+02
   2.7747493e+02
   2.7498581e+02
   2.5983678e+02
   3.1308626e+02
   2.7886328e+02
   2.7865028e+02
   2.6742681e+02
   2.7299388e+02
   2.8358156e+02
   2.8119281e+02
   2.6156849e+02
   2.7361955e+02
   2.4597038e+02
   2.5485539e+02
   2.6778125e+02
   2.7855937e+02
   2.8834525e+02
   3.0886131e+02
   2.6177135e+02
   2.3015132e+02
   2.9917307e+02
   2.8788861e+02
   2.9203234e+02
   2.8814869e+02
   2.9253541e+02
   2.6600857e+02
   2.6566697e+02
   2.7089992e+02
   2.5726887e+02
   2.7049705e+02
   2.9239979e+02
   2.7198672e+02
   2.8435884e+02
   2.7204405e+02
   2.5459209e+02
   2.8992854e+02
   2.6494394e+02
   2.5471039e+02
   2.5510396e+02
   2.8215169e+02
   2.5497586e+02
   2.9294485e+02
   2.7297272e+02
   2.7154456e+02
   2.7402456e+02
   2.8791978e+02
   2.5700305e+02
   2.7292504e+02
   2.9634166e+02
   2.7981001e+02
   2.7422596e+02
   2.7575201e+02
   2.5412045e+02
   2.7093669e+02
   2.8468183e+02
   2.9906913e+02
   2.6566137e+02
   2.6104912e+02
   2.6159055e+02
   2.7319163e+02
   2.9143083e+02
   2.7939445e+02
   2.8419264e+02
   2.5186216e+02
   2.6967984e+02
   2.9181536e+02
   2.6365330e+02
   2.7574063e+02
   2.5591328e+02
   2.5106257e+02
   2.7339119e+02
   2.6882232e+02
   3.0216933e+02
   2.8096767e+02
   2.6901413e+02
   2.6338398e+02
   2.7655903e+02
   2.7498790e+02
   2.9526690e+02
   2.9864738e+02
   2.7903995e+02
   2.9214562e+02
   2.6644419e+02
   2.8727409e+02
   2.6998899e+02
   2.4901509e+02
   2.6303227e+02
   2.8785131e+02
   2.8788972e+02
   2.8063331e+02
   2.5659340e+02
   2.8665923e+02
   2.6629703e+02
   2.7635033e+02
   2.5906444e+02
   2.8012097e+02
   2.8544777e+02
   2.7799333e+02
   2.7856022e+02
   2.9896648e+02
   2.7227693e+02
   2.5489404e+02
   2.8083651e+02
   2.9994431e+02
   2.9483460e+02
   3.0768705e+02
   2.6612376e+02
   2.5749542e+02
   2.8020818e+02
   2.8406486e+02
   2.4755305e+02
   2.7950026e+02
   2.8454333e+02
   2.8296298e+02
   2.7857177e+02
   2.7003546e+02
   2.8843614e+02
   2.6536254e+02
   2.8126770e+02
   2.6974121e+02
   2.6950157e+02
   2.6655785e+02
   2.5760915e+02
   2.8894166e+02
   2.5936556e+02
   2.6277526e+02
   2.4794592e+02
   2.6024226e+02
   2.6442221e+02
   2.8014949e+02
   2.6666420e+02
   2.9987596e+02
   2.8383610e+02
   2.4943771e+02
   2.9451432e+02
   2.5118310e+02
   2.7963485e+02
   2.7956051e+02
   2.8922858e+02
   2.6579728e+02
   2.5548800e+02
   2.6346558e+02
   2.7162369e+02
   2.6130526e+02
   2.7011618e+02
   2.3535320e+02
   2.7454861e+02
   2.5787738e+02
   2.7419430e+02
   2.5242394e+02
   2.6835200e+02
   2.8146757e+02
   2.8643130e+02
   2.5159177e+02
   2.6083531e+02
   2.8034746e+02
   2.6596497e+02
   2.7113414e+02
   2.9618046e+02
   2.6502761e+02
   2.6662034e+02
   2.9333799e+02
   2.5273950e+02
   2.5096558e+02
   2.7387499e+02
   2.9811362e+02
   2.4691636e+02
   2.7040063e+02
   2.9075605e+02
   3.0869033e+02
   2.6276614e+02
   2.7028387e+02
   2.9213785e+02
   2.6950862e+02
   2.7845385e+02
   2.6235100e+02
   2.6660311e+02
   2.6920934e+02
   2.7449046e+02
   2.6861490e+02
   2.8139522e+02
   2.7197048e+02
   2.6999423e+02
   2.6470170e+02
   3.0146529e+02
   2.4464855e+02
   2.7248518e+02
   2.8463774e+02
   2.7740889e+02
   2.5285256e+02
   2.6902835e+02
   2.5633029e+02
   3.0377926e+02
   3.0351992e+02
   2.7143091e+02
   2.7921581e+02
   2.6308053e+02
   2.8152154e+02
   2.6198408e+02
   2.9683091e+02
   2.6805406e+02
   3.0294731e+02
   3.0408719e+02
   2.8506133e+02
   2.7433366e+02
   2.8236651e+02
   2.6413115e+02
   2.4140384e+02
   2.7262966e+02
   2.6409345e+02
   2.9508317e+02
   2.7403372e+02
   2.8998077e+02
   2.7980715e+02
   2.7421591e+02
   2.2386289e+02
   2.4610290e+02
   2.7948022e+02
   2.9764981e+02
   2.8254319e+02
   2.8659106e+02
   2.6174753e+02
   2.7509785e+02
   2.7393631e+02
   2.7986232e+02
   2.7331229e+02
   2.6516099e+02
   2.3296219e+02
   2.2286839e+02
   2.7295371e+02
   2.5199814e+02
   3.0096373e+02
   2.6290516e+02
   2.6995342e+02
   2.5763847e+02
   2.8245717e+02
   2.6895976e+02
   2.6369462e+02
   2.8687459e+02
   2.9910232e+02
   2.6874020e+02
   2.6540340e+02
   2.6298695e+02
   3.0171548e+02
   2.5497330e+02
   2.7857838e+02
   2.6019380e+02
   2.6555824e+02
   2.9928899e+02
   2.3517482e+02
   2.9445330e+02
   2.7063527e+02
   2.4598336e+02
   2.8586412e+02
   3.0470495e+02
   2.7517154e+02
   2.7229910e+02
   2.5899244e+02
   2.6503849e+02
   2.7599164e+02
   2.9906489e+02
   2.6848351e+02
   2.9147122e+02
   2.9458364e+02
   2.8842260e+02
   2.7260177e+02
   2.9421875e+02
   2.3798201e+02
   2.6610502e+02
   2.6061708e+02
   2.7763598e+02
   2.6898750e+02
   2.5929218e+02
   3.1880174e+02
   2.8414286e+02
   2.6143620e+02
   2.9438895e+02
   2.7968424e+02
   2.7009603e+02
   2.5635138e+02
   2.5459293e+02
   2.5097533e+02
   2.8545893e+02
   2.5754041e+02
   2.6766707e+02
   2.8936304e+02
   2.8781724e+02
   2.6977424e+02
   2.7981086e+02
   3.1008361e+02
   2.7989337e+02
   2.9265100e+02
   2.4851592e+02
   2.8086315e+02
   2.9007026e+02
   2.5579556e+02
   2.4885802e+02
   2.4555706e+02
   2.5441099e+02
   2.9806150e+02
   2.9632575e+02
   2.7092139e+02
   2.5098443e+02
   2.6378246e+02
   2.4346916e+02
   2.4538909e+02
   2.8773673e+02
   2.7060610e+02
   2.7434845e+02
   2.5740609e+02
   2.8383266e+02
   2.8508162e+02
   2.6833369e+02
   2.7028195e+02
   2.6800096e+02
   2.7417871e+02
   2.5632936e+02
   2.6941017e+02
   2.2793079e+02
   2.9216974e+02
   2.6630156e+02
   2.8834078e+02
   2.6132299e+02
   2.4666522e+02
   2.8449140e+02
   2.9585040e+02
   2.5813741e+02
   2.7108585e+02
   2.5553339e+02
   2.2959412e+02
   2.6076169e+02
   3.1489880e+02
   2.7084944e+02
   2.6174253e+02
   2.8253714e+02
   2.6939906e+02
   2.8427088e+02
   2.8904713e+02
   2.8721808e+02
   2.9807943e+02
   2.9149023e+02
   2.4966077e+02
   2.7324935e+02
   2.6600064e+02
   2.9642069e+02
   2.7740686e+02
   2.8432954e+02
   2.4414679e+02
   2.7919042e+02
   2.6868825e+02
   2.6867692e+02
   2.5192653e+02
   2.8394573e+02
   3.1644252e+02
   2.9697340e+02
   2.7865471e+02
   2.6723259e+02
   2.5556241e+02
   2.5496518e+02
   2.7390043e+02
   2.7255290e+02
   2.4417419e+02
   2.7045181e+02
   2.4603254e+02
   2.9042672e+02
   2.7096768e+02
   2.9198438e+02
   2.7588160e+02
   2.8971763e+02
   2.7970427e+02
   2.7191291e+02
   2.7768971e+02
   3.0532908e+02
   2.2243732e+02
   2.4949693e+02
   2.6355434e+02
   2.8467886e+02
   2.8839084e+02
   2.3534815e+02
   2.8730109e+02
   2.5716712e+02
   2.8026714e+02
   2.6996884e+02
   2.5884592e+02
   2.7017681e+02
   2.9251913e+02
   2.5846151e+02
   2.9065743e+02
   2.7695297e+02
   2.7657500e+02
   2.7871901e+02
   2.6412740e+02
   2.7234794e+02
   2.6932453e+02
   2.5968430e+02
   2.5446005e+02
   2.7892750e+02
   2.8243125e+02
   2.6140553e+02
   2.6231632e+02
   2.7274795e+02
   2.6421456e+02
   2.9111448e+02
   2.7248537e+02
   2.5281722e+02
   2.9403120e+02
   2.5012493e+02
   2.6737220e+02
   2.8603879e+02
   2.8505599e+02
   2.5393143e+02
   2.7574049e+02
   2.6942713e+02
   2.6138526e+02
   2.7242372e+02
   2.8279433e+02
   3.0297297e+02
   2.6098344e+02
   2.8132782e+02
   2.6794721e+02
   2.4356334e+02
   2.5473060e+02
   2.7379768e+02
   2.7707371e+02
   2.9129717e+02
   2.8912417e+02
   2.6139061e+02
   2.6420968e+02
   2.6624081e+02
   2.6739110e+02
   2.7243626e+02
   2.7313911e+02
   2.6768998e+02
   2.6595950e+02
   2.8932001e+02
   2.7345718e+02
   2.9003743e+02
   2.7419785e+02
   2.5619789e+02
   2.8751353e+02
   2.4826348e+02
   3.0989040e+02
   2.5827227e+02
   2.8301218e+02
   2.7432478e+02
   2.8444536e+02
   2.7303802e+02
   2.5891636e+02
   2.6931987e+02
   2.6201917e+02
   2.6275678e+02
   2.7756648e+02
   2.8451221e+02
   2.7948052e+02
   2.4306197e+02
   2.4541282e+02
   2.5264675e+02
   2.8656941e+02
   3.0695659e+02
   2.8417759e+02
   2.6889732e+02
   2.6681294e+02
   2.5618711e+02
   2.3329571e+02
   2.6290406e+02
   2.9648555e+02
   2.8753891e+02
   2.9960548e+02
   3.1001827e+02
   2.8621025e+02
   2.4705870e+02
   2.4487464e+02
   3.0324216e+02
   2.8448528e+02
   2.8709310e+02
   2.9277455e+02
   2.7525035e+02
   2.9023387e+02
   2.9426988e+02
   2.6307404e+02
   2.5681795e+02
   2.6831275e+02
   2.6206240e+02
   2.6215848e+02
   2.2815966e+02
   2.7302635e+02
   2.6280108e+02
   2.5808908e+02
   2.8686004e+02
   2.6358350e+02
   2.5996826e+02
   2.8420789e+02
   2.7222087e+02
   2.8244320e+02
   2.7237249e+02
   2.4370608e+02
   2.7390361e+02
   2.7390050e+02
   2.7483900e+02
   2.7151323e+02
   2.8122777e+02
   2.6638048e+02
   2.6187356e+02
   2.4159201e+02
   2.8854781e+02
   2.5481299e+02
   2.5482019e+02
   2.5670084e+02
   2.3957600e+02
   2.9094584e+02
   2.7639363e+02
   2.9049032e+02
   2.8010010e+02
   2.7982762e+02
   2.3814527e+02
   2.6661882e+02
   2.8881307e+02
   2.2630809e+02
   2.5985451e+02
   2.6615159e+02
   2.4179514e+02
   2.9483211e+02
   2.4832268e+02
   2.5503262e+02
   2.6592944e+02
   2.5293148e+02
   2.5033871e+02
   3.0069189e+02
   2.7933600e+02
   2.9185063e+02
   2.6172800e+02
   3.0118002e+02
   2.7883447e+02
   2.9646339e+02
   2.5904259e+02
   2.8012738e+02
   2.7078095e+02
   2.6112477e+02
   2.9445711e+02
   2.8796214e+02
   2.7614975e+02
   2.8871673e+02
   2.5704879e+02
   2.6641850e+02
   2.7483530e+02
   2.6768126e+02
   2.4736678e+02
   2.8365087e+02
   2.8776961e+02
   2.7918869e+02
   2.6968735e+02
   2.8314824e+02
   2.6162094e+02
   2.8893349e+02
   3.0492717e+02
   3.0594182e+02
   2.7005208e+02
   2.5492134e+02
   2.5256256e+02
   2.8442194e+02
   2.9053274e+02
   2.8319061e+02
   2.5820304e+02
   2.5714796e+02
   3.0269942e+02
   2.7193962e+02
   2.7842112e+02
   3.0783440e+02
   2.8195203e+02
   2.5291283e+02
   2.5109329e+02
   2.9343223e+02
   2.7236635e+02
   2.7254056e+02
   2.7659695e+02
   3.0448883e+02
   2.7165440e+02
   2.3069019e+02
   2.7718866e+02
   2.7189430e+02
   2.5142059e+02
   2.4545413e+02
   2.5075887e+02
   2.6012143e+02
   3.0889892e+02
   2.7058032e+02
   2.7004569e+02
   2.7129276e+02
   2.5888487e+02
   3.0013432e+02
   2.7823965e+02
   2.7708999e+02
   2.5422676e+02
   2.6672294e+02
   2.7196971e+02
   2.6975836e+02
   2.6486657e+02
   2.8593377e+02
   2.8408423e+02
   2.5007694e+02
   2.8905764e+02
   2.6290589e+02
   2.6069128e+02
   2.6101952e+02
   2.9117503e+02
   2.7957413e+02
   2.5332680e+02
   2.5931422e+02
   2.9087493e+02
   2.7412456e+02
   2.8805671e+02
   2.9266210e+02
   2.7551015e+02
   2.7290353e+02
   2.6775358e+02
   2.7252165e+02
   2.7854685e+02
   2.9190443e+02
   2.7373735e+02
   2.6068897e+02
   2.7293364e+02
   2.2016687e+02
   2.1961597e+02
   2.7821619e+02
   2.6731788e+02
   2.8066770e+02
   2.5035191e+02
   2.5961767e+02
   2.8998136e+02
   2.9036046e+02
   2.4340546e+02
   2.4824143e+02
   2.9648302e+02
   2.9517951e+02
   3.1331951e+02
   2.8186062e+02
   2.9030412e+02
   2.7262106e+02
   2.7825736e+02
   2.7982761e+02
   2.4742326e+02
   2.8895328e+02
   2.7252005e+02
   2.7778068e+02
   2.8514755e+02
   2.8438286e+02
   2.3508428e+02
   2.5809976e+02
   2.7675526e+02
   2.7983814e+02
   2.7587860e+02
   2.5383753e+02
   2.7460637e+02
   2.5754897e+02
   3.0105223e+02
   2.8502082e+02
   2.7141259e+02
   2.8722344e+02
   2.7495954e+02
   2.6732839e+02
   2.6101153e+02
   2.5452454e+02
   2.6410612e+02
   2.8691636e+02
   2.4071864e+02
   2.8300490e+02
   2.3318727e+02
   2.7261510e+02
   2.6671660e+02
   2.8877346e+02
   2.7819161e+02
   3.1241183e+02
   2.7903393e+02
   2.7587293e+02
   2.7347194e+02
   2.8034985e+02
   2.5345329e+02
   2.7243533e+02
   2.6714938e+02
   3.1036751e+02
   2.9485401e+02
   2.6681832e+02
   2.8558555e+02
   2.3848603e+02
   2.9292059e+02
   2.6842491e+02
   2.5168319e+02
   3.0049782e+02
   2.7353998e+02
   2.6010258e+02
   2.9156949e+02
   2.9003188e+02
   2.6231074e+02
   2.8663776e+02
   2.6377524e+02
   2.7423415e+02
   2.4201627e+02
   2.6037303e+02
   2.7641608e+02
   2.8853880e+02
   2.6753746e+02
   2.8472286e+02
   2.7235337e+02
   2.5939740e+02
   2.9417260e+02
   2.9462794e+02
   2.7935774e+02
   3.0503024e+02
   2.7355221e+02
   2.9834737e+02
   2.7670330e+02
   2.8822164e+02
   2.9471129e+02
   2.8522814e+02
   2.8640423e+02
   3.0349018e+02
   2.5529837e+02
   2.9062441e+02
   2.7692403e+02
   2.9190535e+02
   3.0847005e+02
   2.7232372e+02
   2.9273505e+02
   2.9503768e+02
   2.7216569e+02
   2.5295346e+02
   2.8285190e+02
   2.7691062e+02
   2.4698014e+02
   2.7609573e+02
   2.7443380e+02
   2.9910132e+02
   2.5312403e+02
   2.7834382e+02
   2.4499607e+02
   2.8051031e+02
   2.7762521e+02
   2.6359930e+02
   2.5453279e+02
   2.5124106e+02
   2.7442390e+02
   2.3841026e+02
   2.9302221e+02
   2.5039711e+02
   2.5444098e+02
   2.9206359e+02
   2.9272006e+02
   2.5781032e+02
   2.8492981e+02
   2.6257030e+02
   2.9439512e+02
   2.8878880e+02
   2.5945262e+02
   2.7702104e+02
   2.7754840e+02
   1.3923014e+02
   1.3611227e+02
   1.2900585e+02
   1.4289141e+02
   1.3244324e+02
   1.2153981e+02
   1.1948282e+02
   1.1319555e+02
   1.4164357e+02
   1.3003391e+02
   1.2557866e+02
   1.3922181e+02
   1.3322681e+02
   1.1409852e+02
   1.3656247e+02
   1.4013652e+02
   1.3144989e+02
   1.2999613e+02
   1.2083347e+02
   1.3816127e+02
   1.1504758e+02
   1.2657049e+02
   1.1638405e+02
   1.0375047e+02
   1.3259451e+02
   1.1320781e+02
   1.3152478e+02
   1.4741841e+02
   1.1457783e+02
   1.3359129e+02
   1.2723982e+02
   1.2004812e+02
   1.3902888e+02
   1.4758929e+02
   1.2530549e+02
   1.3225172e+02
   1.2554753e+02
   1.4206600e+02
   1.3109388e+02
   1.3216473e+02
   1.4229291e+02
   1.3923330e+02
   1.2352943e+02
   1.1974352e+02
   1.4580603e+02
   1.2726919e+02
   1.1072093e+02
   1.2378181e+02
   1.2768468e+02
   1.3454809e+02
   1.2305683e+02
   1.0931919e+02
   1.4031431e+02
   1.4163607e+02
   1.5177926e+02
   1.3269720e+02
   1.3150727e+02
   1.2711372e+02
   1.4008274e+02
   1.3752672e+02
   1.2685830e+02
   1.2952746e+02
   1.1774666e+02
   1.2101862e+02
   1.3539384e+02
   1.1344724e+02
   1.3022593e+02
   1.4870218e+02
   1.3863908e+02
   1.3370414e+02
   1.3568697e+02
   1.3335446e+02
   1.2716743e+02
   1.1347041e+02
   1.2790577e+02
   1.4266906e+02
   1.3155955e+02
   1.1626646e+02
   1.2044071e+02
   1.2060136e+02
   1.5659205e+02
   1.2486229e+02
   1.4340664e+02
   1.1921646e+02
   1.3304609e+02
   1.1698327e+02
   1.3718806e+02
   1.2300320e+02
   1.2248770e+02
   1.4222962e+02
   1.2608551e+02
   1.1796836e+02
   1.3111011e+02
   1.2227109e+02
   1.4785347e+02
   1.2759486e+02
   1.2921464e+02
   1.1602506e+02
   1.5458513e+02
   1.2916067e+02
   1.2177380e+02
   1.0580969e+02
   1.2184819e+02
   1.3884088e+02
   1.3008871e+02
   1.4017508e+02
   1.1230839e+02
   1.3640032e+02
   1.2081137e+02
   1.3155655e+02
   1.4527514e+02
   1.3679137e+02
   1.3266025e+02
   1.3776929e+02
   1.3224305e+02
   1.4299982e+02
   1.2471379e+02
   1.1550965e+02
   1.3115461e+02
   1.2030967e+02
   1.2480467e+02
   1.2824429e+02
   1.3459262e+02
   1.4161380e+02
   1.4125492e+02
   1.4292212e+02
   1.4648440e+02
   1.1656574e+02
   1.3575867e+02
   1.3290139e+02
   1.0729839e+02
   1.4208506e+02
   1.2311049e+02
   1.2652521e+02
   1.2407183e+02
   1.2151085e+02
   1.2790405e+02
   1.5411329e+02
   1.2559608e+02
   1.3104268e+02
   1.3738217e+02
   1.3089674e+02
   1.2606831e+02
   1.2957829e+02
   1.3568181e+02
   1.4204138e+02
   1.3629456e+02
   1.4776198e+02
   1.3232722e+02
   1.2065383e+02
   1.3348528e+02
   1.3540919e+02
   1.2888350e+02
   1.3420506e+02
   1.4063906e+02
   1.1475577e+02
   1.2769680e+02
   1.3132503e+02
   1.3627278e+02
   1.1766769e+02
   1.2991921e+02
   1.1854220e+02
   1.3729405e+02
   1.1889417e+02
   1.3778399e+02
   1.2373432e+02
   1.2595315e+02
   1.2446372e+02
   1.3084109e+02
   1.2508510e+02
   1.2470937e+02
   1.3790221e+02
   1.2045404e+02
   1.4038168e+02
   1.4015134e+02
   1.2948047e+02
   1.3479326e+02
   1.3449623e+02
   1.1817033e+02
   1.5509781e+02
   1.4117391e+02
   1.3326683e+02
   1.0266564e+02
   1.1897869e+02
   1.1733507e+02
   1.3150560e+02
   1.4005509e+02
   1.1959660e+02
   1.2710354e+02
   1.3202538e+02
   1.2402182e+02
   1.2513759e+02
   1.3326138e+02
   1.3486256e+02
   1.5779384e+02
   1.4189795e+02
   1.4164999e+02
   1.3446507e+02
   1.4365881e+02
   1.1640553e+02
   1.3589419e+02
   1.3445319e+02
   1.2347651e+02
   1.3649571e+02
   1.3968326e+02
   1.2472349e+02
   1.4870186e+02
   1.3200824e+02
   1.2477345e+02
   1.3287867e+02
   1.1608345e+02
   1.2368427e+02
   1.2639585e+02
   1.3554519e+02
   1.2139800e+02
   1.3102585e+02
   1.1402405e+02
   1.4277573e+02
   1.4145053e+02
   1.3647290e+02
   1.1907952e+02
   1.4399481e+02
   1.2948358e+02
   1.1737374e+02
   1.3384483e+02
   1.4330486e+02
   1.2485680e+02
   1.4033135e+02
   1.3549096e+02
   1.1141658e+02
   1.2881225e+02
   1.4038923e+02
   1.2523499e+02
   1.4098526e+02
   1.1347287e+02
   1.5094351e+02
   1.3131194e+02
   1.3195166e+02
   1.3729485e+02
   1.2859376e+02
   1.2323372e+02
   1.3670390e+02
   1.4262422e+02
   1.2061075e+02
   1.3696459e+02
   1.3641485e+02
   1.2876494e+02
   1.3790736e+02
   1.2889813e+02
   1.3940334e+02
   1.1888700e+02
   1.0809841e+02
   1.3118592e+02
   1.2614404e+02
   1.1997936e+02
   1.2600247e+02
   1.4407973e+02
   1.3961564e+02
   1.4496029e+02
   1.2044240e+02
   1.4363351e+02
   1.1580445e+02
   1.3051803e+02
   1.2323840e+02
   1.3638174e+02
   1.2209467e+02
   1.4271295e+02
   1.3516248e+02
   1.4787623e+02
   1.4577153e+02
   1.0723015e+02
   1.2283818e+02
   1.2272300e+02
   1.2227746e+02
   1.4182709e+02
   1.3575736e+02
   1.3175600e+02
   1.3237137e+02
   1.3120406e+02
   1.2332263e+02
   1.3147940e+02
   1.1997792e+02
   1.3126435e+02
   1.2023326e+02
   1.2810939e+02
   1.2243536e+02
   1.4043768e+02
   1.1862068e+02
   1.2480920e+02
   1.4157122e+02
   1.3752122e+02
   1.1841838e+02
   1.2597169e+02
   1.3062913e+02
   1.2600062e+02
   1.3172324e+02
   1.2690929e+02
   1.2553941e+02
   1.3183661e+02
   1.3675839e+02
   1.3841794e+02
   1.3755922e+02
   1.2409173e+02
   1.3336285e+02
   1.1965093e+02
   1.2886734e+02
   1.1486908e+02
   1.4205990e+02
   1.3051842e+02
   1.4743001e+02
   1.3796011e+02
   1.2604475e+02
   1.3296716e+02
   1.3239190e+02
   1.3602543e+02
   1.3658576e+02
   1.3133008e+02
   1.2587992e+02
   1.4559999e+02
   1.3465375e+02
   1.3724699e+02
   1.4068624e+02
   1.3433227e+02
   1.4004034e+02
   1.2052253e+02
   1.3078854e+02
   1.2965964e+02
   1.2906543e+02
   1.4120048e+02
   1.2997566e+02
   1.1909791e+02
   1.3311689e+02
   1.3642611e+02
   1.3412330e+02
   1.2896042e+02
   1.2465664e+02
   1.3192010e+02
   1.2010139e+02
   1.4168906e+02
   1.2514504e+02
   1.3155476e+02
   1.3768759e+02
   1.1689033e+02
   1.3342114e+02
   1.3410534e+02
   1.4010644e+02
   1.4631461e+02
   1.4598051e+02
   1.5290959e+02
   1.1843658e+02
   1.2286135e+02
   1.3382638e+02
   1.1570776e+02
   1.1818417e+02
   1.4057866e+02
   1.2771427e+02
   1.3401241e+02
   1.2862761e+02
   1.1866806e+02
   1.1929057e+02
   1.3868299e+02
   1.4495439e+02
   1.2199580e+02
   1.2584497e+02
   1.3541488e+02
   1.2607712e+02
   1.3020090e+02
   1.0204082e+02
   1.1310935e+02
   1.3609247e+02
   1.3786366e+02
   1.4118688e+02
   1.2154557e+02
   1.2591964e+02
   1.3606216e+02
   1.4407226e+02
   1.4073050e+02
   1.1468454e+02
   1.3082023e+02
   1.2105491e+02
   1.3386406e+02
   1.3397281e+02
   1.2860381e+02
   1.2612248e+02
   1.2405108e+02
   1.3761411e+02
   1.3937187e+02
   1.2171802e+02
   1.5249866e+02
   1.3107837e+02
   1.4009779e+02
   1.4718544e+02
   1.4453876e+02
   1.2514273e+02
   1.3117851e+02
   1.3786787e+02
   1.1746739e+02
   1.2328664e+02
   1.2582964e+02
   1.2009649e+02
   1.3586455e+02
   1.1116477e+02
   1.3312594e+02
   1.4289995e+02
   1.3433554e+02
   1.3026453e+02
   1.2801866e+02
   1.3251782e+02
   1.3665197e+02
   1.3227963e+02
   1.3417100e+02
   1.1443880e+02
   1.3885828e+02
   1.3196264e+02
   1.1557406e+02
   1.3403834e+02
   1.2142161e+02
   1.3271483e+02
   1.2106670e+02
   1.3916484e+02
   1.3358277e+02
   1.4236560e+02
   1.4741848e+02
   1.3944314e+02
   1.3122350e+02
   1.3558624e+02
   1.3213674e+02
   1.2634878e+02
   1.1364785e+02
   1.1692660e+02
   1.1668846e+02
   1.2432191e+02
   1.1601916e+02
   1.3594388e+02
   1.3234937e+02
   1.1300943e+02
   1.1025206e+02
   1.2630914e+02
   1.3663568e+02
   1.2542688e+02
   1.1518754e+02
   1.1525289e+02
   1.3927305e+02
   1.3038949e+02
   1.3413737e+02
   1.2301972e+02
   1.2799675e+02
   1.4225662e+02
   1.2677076e+02
   1.2933178e+02
   1.1648007e+02
   1.2619986e+02
   1.4511661e+02
   1.2115321e+02
   1.3593442e+02
   1.2693178e+02
   1.3535573e+02
   1.4312872e+02
   1.3256768e+02
   1.2534684e+02
   1.1643612e+02
   1.2921222e+02
   1.3534563e+02
   1.3346757e+02
   1.3006880e+02
   1.2558087e+02
   1.3199567e+02
   1.3136254e+02
   1.3453995e+02
   1.2141564e+02
   1.3218758e+02
   1.4759725e+02
   1.2267444e+02
   1.4578533e+02
   1.2959313e+02
   1.1551346e+02
   1.4361770e+02
   1.4198325e+02
   1.2361513e+02
   1.2663403e+02
   1.4077704e+02
   1.2799588e+02
   1.3179492e+02
   1.2004760e+02
   1.3020832e+02
   1.4028853e+02
   1.4118750e+02
   1.2927535e+02
   1.2966000e+02
   1.2923006e+02
   1.2898245e+02
   1.2408492e+02
   1.4777955e+02
   1.2852498e+02
   1.2583056e+02
   1.2753969e+02
   1.1959643e+02
   1.2612006e+02
   1.3034417e+02
   1.1905920e+02
   1.3065464e+02
   1.3747585e+02
   1.1971051e+02
   1.2981876e+02
   1.2462531e+02
   1.3605036e+02
   1.3989964e+02
   1.4021935e+02
   1.2703994e+02
   1.2800116e+02
   1.3143283e+02
   1.3127449e+02
   1.4299991e+02
   1.2608692e+02
   1.3780999e+02
   1.2617302e+02
   1.1271085e+02
   1.1723999e+02
   1.1407242e+02
   1.2092459e+02
   1.4186462e+02
   1.2830760e+02
   1.2204188e+02
   1.2579376e+02
   1.1347881e+02
   1.3724216e+02
   1.2867430e+02
   1.1319699e+02
   1.3780827e+02
   1.4737784e+02
   1.2221070e+02
   1.3674032e+02
   1.3703534e+02
   1.3488462e+02
   1.2843835e+02
   1.3935406e+02
   1.2270575e+02
   1.3055276e+02
   1.2574294e+02
   1.3099759e+02
   1.3319380e+02
   1.2680549e+02
   1.1757467e+02
   1.3535999e+02
   1.2508385e+02
   1.3072155e+02
   1.3400834e+02
   1.3146565e+02
   1.5664250e+02
   1.1078813e+02
   1.3024280e+02
   1.3247634e+02
   1.3965801e+02
   1.2608425e+02
   1.3229592e+02
   1.3583628e+02
   1.1112671e+02
   1.3582479e+02
   1.2608927e+02
   1.3926788e+02
   1.3605609e+02
   1.2906787e+02
   1.2272250e+02
   1.1840845e+02
   1.2009041e+02
   1.2513262e+02
   1.2531397e+02
   1.2423405e+02
   1.2876265e+02
   1.4362252e+02
   1.3185929e+02
   1.3013180e+02
   1.2278940e+02
   1.3220619e+02
   1.2430150e+02
   1.0185236e+02
   1.2820404e+02
   1.3807558e+02
   1.4013873e+02
   1.3201521e+02
   1.2704600e+02
   1.1599559e+02
   1.3100179e+02
   1.2303856e+02
   1.1968336e+02
   1.3051864e+02
   1.2466786e+02
   1.3789562e+02
   1.4050359e+02
   1.1871712e+02
   1.2889405e+02
   1.1478634e+02
   1.2978073e+02
   1.2646934e+02
   1.4174475e+02
   1.4489510e+02
   1.3681763e+02
   1.2948529e+02
   1.2807057e+02
   1.4134903e+02
   1.3249081e+02
   1.3324637e+02
   1.2282953e+02
   1.4000979e+02
   1.3637366e+02
   1.3578671e+02
   1.4194763e+02
   1.3083680e+02
   1.1787852e+02
   1.2922081e+02
   1.3195684e+02
   1.4347608e+02
   1.2953403e+02
   1.2040052e+02
   1.3595532e+02
   1.4453419e+02
   1.3610417e+02
   1.1662105e+02
   1.3763189e+02
   1.3709293e+02
   1.1572311e+02
   1.3100704e+02
   1.3771406e+02
   1.2541907e+02
   1.3700337e+02
   1.3814574e+02
   1.3844398e+02
   1.4503662e+02
   1.1024281e+02
   1.1010536e+02
   1.2804258e+02
   1.2490447e+02
   1.3052368e+02
   1.1659483e+02
   1.5131657e+02
   1.3010829e+02
   1.2127723e+02
   1.3388405e+02
   1.1745290e+02
   1.3534868e+02
   1.2696302e+02
   1.2062307e+02
   1.2806368e+02
   1.2763388e+02
   1.3615962e+02
   1.2794853e+02
   1.3015601e+02
   1.4148494e+02
   1.2774323e+02
   1.2593022e+02
   1.3003079e+02
   1.4476754e+02
   1.4731158e+02
   1.2804565e+02
   1.3464735e+02
   1.4198362e+02
   1.2474086e+02
   1.3461502e+02
   1.2345215e+02
   1.2767911e+02
   1.1695844e+02
   1.2725043e+02
   1.2505775e+02
   1.2768290e+02
   1.3476359e+02
   1.2387660e+02
   1.1649748e+02
   1.1065880e+02
   1.2085723e+02
   1.4354185e+02
   1.4481307e+02
   1.2484092e+02
   1.2676963e+02
   1.2958000e+02
   1.3826420e+02
   1.3145529e+02
   1.2992745e+02
   1.3949225e+02
   1.2982351e+02
   1.1248243e+02
   1.3150536e+02
   1.2989429e+02
   1.4835103e+02
   1.1580798e+02
   1.4498107e+02
   1.3790170e+02
   1.4099212e+02
   1.3245455e+02
   1.1919409e+02
   1.2475140e+02
   1.5226155e+02
   1.2587598e+02
   1.4116034e+02
   1.2982066e+02
   1.1636947e+02
   1.3149695e+02
   1.3245646e+02
   1.3445613e+02
   1.3642245e+02
   1.4203479e+02
   1.2995067e+02
   1.1994763e+02
   1.4946387e+02
   1.3592569e+02
   1.3556969e+02
   1.3029576e+02
   1.4135958e+02
   1.2249966e+02
   1.1693338e+02
   1.3525138e+02
   1.2018451e+02
   1.3320091e+02
   1.2934345e+02
   1.2966788e+02
   1.2821191e+02
   1.3187068e+02
   1.3576568e+02
   1.1265164e+02
   1.2953701e+02
   1.1512209e+02
   1.1686712e+02
   1.2581531e+02
   1.2641980e+02
   1.5356531e+02
   1.3411137e+02
   1.3235405e+02
   1.2371084e+02
   1.3306535e+02
   1.3289216e+02
   1.2481693e+02
   1.1381058e+02
   1.3097530e+02
   1.2020358e+02
   1.2242483e+02
   1.1523485e+02
   1.1864776e+02
   1.2955141e+02
   1.3074434e+02
   1.4102759e+02
   1.2343054e+02
   1.1223116e+02
   1.3187439e+02
   1.3489920e+02
   1.2666801e+02
   1.2922022e+02
   1.4646222e+02
   1.2512669e+02
   1.1309156e+02
   1.4466424e+02
   1.2084922e+02
   1.1988373e+02
   1.2695395e+02
   1.1330987e+02
   1.2657020e+02
   1.3882816e+02
   1.4180561e+02
   1.2553678e+02
   1.3815004e+02
   1.2961562e+02
   1.2577797e+02
   1.4244469e+02
   1.2420632e+02
   1.1120770e+02
   1.2645627e+02
   1.2834031e+02
   1.2966403e+02
   1.2019254e+02
   1.2953464e+02
   1.2840734e+02
   1.4884496e+02
   1.3253995e+02
   1.2985975e+02
   1.2248179e+02
   1.3977686e+02
   1.2429846e+02
   1.3385639e+02
   1.4339263e+02
   1.2336665e+02
   1.2548595e+02
   1.1594383e+02
   1.1968894e+02
   1.3384011e+02
   1.2744262e+02
   1.2044278e+02
   1.3239824e+02
   1.3897114e+02
   1.4985182e+02
   1.3377285e+02
   1.4055032e+02
   1.2898332e+02
   1.1996620e+02
   1.3151374e+02
   1.5417068e+02
   1.2637739e+02
   1.3114522e+02
   1.2555956e+02
   1.0654310e+02
   1.2669410e+02
   1.2466247e+02
   1.3244231e+02
   1.2807193e+02
   1.3942450e+02
   1.2825399e+02
   1.2843455e+02
   1.1007334e+02
   1.2997549e+02
   1.2950788e+02
   1.4365334e+02
   1.1943213e+02
   1.3115542e+02
   1.3890944e+02
   1.2530519e+02
   1.2433251e+02
   1.4564020e+02
   1.2443823e+02
   1.1355681e+02
   1.4579760e+02
   1.3463709e+02
   1.2704457e+02
   1.2841126e+02
   1.2981790e+02
   1.2586134e+02
   1.3538485e+02
   1.4000612e+02
   1.3005949e+02
   1.2705308e+02
   1.3334001e+02
   1.2518368e+02
   1.3087762e+02
   1.1670945e+02
   1.3390131e+02
   1.3756475e+02
   1.4258430e+02
   1.4489660e+02
   1.3665587e+02
   1.4503134e+02
   1.3780769e+02
   1.3577956e+02
   1.2873782e+02
   1.3088152e+02
   1.2314684e+02
   1.1717155e+02
   1.3192723e+02
   1.4131114e+02
   1.2638555e+02
   1.4559627e+02
   1.2897176e+02
   1.2809181e+02
   1.4276853e+02
   1.3207643e+02
   1.3676706e+02
   1.2649446e+02
   1.3120806e+02
   1.3684157e+02
   1.4117620e+02
   1.2723059e+02
   1.2045083e+02
   1.4773946e+02
   1.4223626e+02
   1.3658570e+02
   1.4232689e+02
   1.2692123e+02
   1.1946358e+02
   1.3355623e+02
   1.3628990e+02
   1.1675789e+02
   1.3135948e+02
   1.2921322e+02
   1.2560764e+02
   1.4109784e+02
   1.2475737e+02
   1.2317216e+02
   1.2054511e+02
   1.3028961e+02
   1.2773112e+02
   1.2862606e+02
   1.4599253e+02
   1.4207189e+02
   1.3151309e+02
   1.4632548e+02
   1.2681305e+02
   1.0701816e+02
   1.4340023e+02
   1.2711070e+02
   1.2692540e+02
   1.4221393e+02
   1.4685382e+02
   1.1517922e+02
   1.3786507e+02
   1.1675956e+02
   1.2697436e+02
   1.3662688e+02
   1.3335077e+02
   1.3461322e+02
   1.4330233e+02
   1.2387219e+02
   1.2729588e+02
   1.3331424e+02
   1.3161583e+02
   1.4017081e+02
   1.3167974e+02
   1.3872638e+02
   1.2540114e+02
   1.4053040e+02
   1.3132049e+02
   1.3206826e+02
   1.2320692e+02
   1.3144223e+02
   1.2543886e+02
   1.2408357e+02
   1.2869787e+02
   1.3598274e+02
   1.2092778e+02
   1.3291464e+02
   1.4170680e+02
   1.2978922e+02
   1.4048917e+02
   1.2877576e+02
   1.3176370e+02
   1.1284380e+02
   1.1836313e+02
   1.2390367e+02
   1.2370474e+02
   1.1857802e+02
   1.1221763e+02
   1.0612105e+02
   1.3874458e+02
   1.3439534e+02
   1.4156488e+02
   1.4063766e+02
   1.2081214e+02
   1.4022634e+02
   1.2003115e+02
   1.3782270e+02
   1.2624122e+02
   1.3461661e+02
   1.3086476e+02
   1.3955667e+02
   1.2943049e+02
   1.1518585e+02
   1.3684975e+02
   1.3699608e+02
   1.3354558e+02
   1.2354806e+02
   1.3009583e+02
   1.2449226e+02
   1.2870126e+02
   1.3492909e+02
   1.3301883e+02
   1.1634495e+02
   1.3327477e+02
   1.3904876e+02
   1.2640762e+02
   1.3550504e+02
   1.2480951e+02
   1.1358543e+02
   1.3593886e+02
   1.2164190e+02
   1.1613163e+02
   1.0385870e+02
   1.3253026e+02
   1.3915802e+02
   1.2141990e+02
   1.1846685e+02
   1.3415502e+02
   1.2455398e+02
   1.2206775e+02
   1.1866904e+02
   1.3677478e+02
   1.2591888e+02
   1.2834677e+02
   1.2385640e+02
   1.5212036e+02
   1.3664264e+02
   1.2237285e+02
   1.2292565e+02
   1.3692170e+02
   1.3011882e+02
   1.2430560e+02
   1.1903908e+02
   1.3462980e+02
   1.3594424e+02
   1.2364228e+02
   1.2606731e+02
   1.0772063e+02
   1.2146702e+02
   1.2481102e+02
   1.3608209e+02
   1.3025026e+02
   1.3154154e+02
   1.3367444e+02
   1.2910661e+02
   1.1858536e+02
   1.1986304e+02
   1.2811242e+02
   1.3213824e+02
   1.2849475e+02
   1.2846931e+02
   1.3646852e+02
   1.2823893e+02
