   1.6224139e+02
   1.6480932e+02
   5.0394533e+01
   2.3696418e+02
   4.0426364e+02
   2.0063432e+02
   2.3573913e+02
   1.3654599e+02
   1.0457552e+02
   1.6336498e+02
   2.1274360e+02
   2.0929285e+02
   1.3475084e+02
   1.9006373e+02
   2.1796704e+02
   1.4473530e+02
   1.5498716e+02
   1.6925580e+02
   1.2675401e+02
   1.9605648e+02
   1.6272975e+02
   2.5669051e+02
   1.5483599e+02
   2.3972375e+02
   1.9615149e+02
   2.1976358e+02
   1.5974447e+02
   1.6026251e+02
   1.1730377e+02
   2.3646187e+02
   1.3863423e+02
   3.7845609e+01
   2.5691051e+02
   8.3457087e+01
   1.8167347e+02
   2.1391137e+02
   7.0595816e+01
   2.1149044e+02
   2.0567673e+02
   2.2076360e+02
   1.3639226e+02
   9.1230022e+01
   2.7709031e+02
   1.8929976e+02
   1.1075372e+02
   1.2234440e+02
   2.2048156e+02
   2.0205852e+02
   1.4182415e+02
   1.8434424e+02
   2.5242873e+02
   2.2509598e+02
   1.9576003e+02
   8.3992670e+01
   1.6012014e+02
   2.4084784e+02
   2.0209865e+02
   1.6861053e+02
   3.0367999e+02
   1.6684223e+02
   1.4894084e+02
   2.0034494e+02
   3.3561927e+02
   2.7979838e+02
   1.1444298e+02
   2.3075421e+02
   2.6302865e+02
   1.5679992e+02
   1.5061118e+02
   1.2861620e+02
   1.3862574e+02
   5.3905090e+01
   1.4649344e+02
   2.4695126e+02
   1.6091435e+02
   3.0581545e+02
   1.0235890e+02
   2.0372925e+02
   1.5783555e+02
   1.9939533e+02
   1.8464888e+02
   1.3616872e+02
   1.8910488e+02
   2.8671909e+02
   1.5286552e+02
   1.8920063e+02
   2.3026845e+02
   2.3508891e+02
   1.8877351e+02
   2.4747264e+02
   2.2672260e+02
   2.6313311e+02
   2.5595206e+02
   2.4411401e+02
   3.1988250e+02
   1.9423536e+02
   2.1970413e+02
   1.7287541e+02
   2.2429605e+02
   1.8313266e+02
   1.2699425e+02
   8.7995393e+01
   2.4175013e+02
   2.2933360e+02
   1.8384561e+02
   1.7922464e+02
   2.9325082e+02
   2.2348368e+02
   1.6038202e+02
   1.8195724e+02
   1.9677622e+02
   1.3789234e+02
   1.9206613e+02
   3.4846748e+02
   2.0560707e+02
   2.1837242e+02
   2.9644570e+02
   1.8976285e+02
   1.6088644e+02
   2.1578979e+02
   2.5544040e+02
   2.3364095e+02
   2.4632757e+02
   1.9147218e+02
   1.0271354e+02
   1.9569222e+02
   2.1488632e+02
   2.1028299e+02
   2.1501528e+02
   1.3904445e+02
   1.7172218e+02
   1.7501845e+02
   1.7849046e+02
   1.5866855e+02
   1.5065899e+02
   2.8405297e+02
   2.8940871e+02
   1.6158079e+02
   1.7367344e+02
   1.2309600e+02
   1.8881545e+02
   2.8734024e+02
   3.1184929e+02
   1.9502084e+02
   2.3869491e+02
   9.6815945e+01
   2.8804616e+02
   2.8324218e+02
   6.3836448e+01
   1.7497362e+02
   2.6103038e+02
   9.1851508e+01
   1.7756155e+02
   1.5100969e+02
   2.4672412e+02
   2.2617542e+02
   1.5619068e+02
   1.9839333e+02
   2.7046760e+02
   1.6896222e+02
   1.5860950e+02
   2.6722613e+02
   2.1693118e+02
   1.4507407e+02
   1.0597930e+02
   1.9762799e+02
   2.5027065e+02
   1.8407315e+02
   2.3305072e+02
   3.2921899e+02
   1.0302171e+02
   1.0531844e+02
   2.8835049e+02
   2.1511178e+02
   2.4724223e+02
   2.9338232e+02
   2.2936956e+02
   1.2994967e+02
   1.6018777e+02
   2.7217882e+02
   1.0293955e+02
   1.9932247e+02
   2.4441507e+02
   2.4327499e+02
   1.6491040e+02
   2.1698970e+02
   2.1070530e+02
   1.3933049e+02
   4.8681232e+01
   2.1344205e+02
   1.5032399e+02
   2.7264109e+02
   1.4433406e+02
   2.0612420e+02
   2.3374294e+02
   2.3393316e+02
   2.6830611e+02
   2.0524311e+02
   3.2992723e+02
   1.1952239e+02
   3.4343507e+02
   2.5351604e+02
   1.0411231e+02
   2.2748630e+02
   2.4593735e+02
   1.5451519e+02
   9.5020011e+01
   2.4064012e+02
   8.2980176e+01
   1.6496293e+02
   3.6349456e+02
   1.6986705e+02
   2.1049404e+02
   2.9336164e+02
   1.8738592e+02
   1.8437808e+02
   2.4756245e+02
   1.6333280e+02
   1.4831135e+02
   1.8894170e+02
   3.2128524e+02
   3.6617966e+02
   1.2116448e+02
   1.2415275e+02
   2.0467048e+02
   2.3337035e+02
   1.8980419e+02
   2.3845093e+02
   2.1890060e+02
   2.3854954e+02
   1.0868498e+02
   1.7987086e+02
   3.1504247e+02
   1.6931069e+02
   1.5816574e+02
   2.3932223e+02
   2.9988843e+02
   2.3148351e+02
   2.2240498e+02
   1.6026370e+02
   2.2970439e+02
   2.8127758e+02
   3.3008714e+02
   1.7486459e+02
   1.5078367e+02
   2.6080575e+02
   1.6938778e+02
   2.3266770e+02
   2.4007715e+02
   1.5525243e+02
   2.0782545e+02
   2.1782460e+02
   3.2010224e+02
   1.5263253e+02
   2.1182769e+02
   1.4811007e+02
   1.6950209e+02
   3.0255456e+02
   2.1627066e+02
   9.9238199e+01
   2.6648021e+02
   1.0198977e+02
   1.4817665e+02
   1.4412009e+02
   1.6346288e+02
   1.1698024e+02
   2.4751818e+02
   1.3544326e+02
   8.9452790e+01
   5.8415535e+01
   2.5011168e+02
   2.2523199e+02
   1.3558137e+02
   2.2641144e+02
   2.8709215e+02
   1.7543891e+02
   1.7107770e+02
   1.2575839e+02
   2.8195171e+02
   1.2118929e+02
   1.8899266e+02
   1.3958946e+02
   1.7628965e+02
   9.3629657e+01
   2.1726413e+02
   2.1070481e+02
   7.2130055e+01
   2.8112825e+02
   2.8529149e+02
   9.4483394e+01
   5.3164197e+01
   2.0986702e+02
   1.5109945e+02
   1.9483488e+02
   1.1757079e+02
   2.9736317e+02
   2.4287526e+02
   2.8445032e+02
   2.2444048e+02
   2.3590449e+02
   1.5934348e+02
   2.3284138e+02
   1.1304522e+02
   3.0187153e+02
   1.7452178e+02
   4.3094556e+01
   1.3021994e+02
   1.3032622e+02
   1.9630873e+02
   1.5530726e+02
   1.2161986e+02
   1.3224882e+02
   2.6629033e+02
   2.7166244e+02
   1.7379472e+02
   1.6104433e+02
   2.4227707e+02
   1.1955639e+02
   2.6509488e+02
   1.6775628e+02
   1.6030229e+02
   3.1900937e+02
   2.1637291e+02
   1.6635847e+02
   2.0351629e+02
   1.6271727e+02
   1.9950497e+02
   1.9250415e+02
   2.5714630e+02
   2.1702264e+02
   1.8002198e+02
   1.1116469e+02
   1.4046224e+02
   2.9815507e+02
   3.1699654e+02
   1.2612508e+02
   2.9064634e+02
   1.0700132e+02
   9.6171769e+01
   2.4918826e+02
   1.5004244e+02
   2.1393103e+02
   2.3752841e+02
   1.2268713e+02
   1.4786675e+02
   1.7919760e+02
   1.2156815e+02
   1.9535600e+02
   2.1663607e+02
   1.3461014e+02
   2.1033287e+02
   2.2215915e+02
   1.7656696e+02
   5.2078079e+01
   2.6281256e+02
   2.2579762e+02
   1.6349466e+02
   2.5070243e+02
   2.4015640e+02
   2.1828606e+02
   1.6480893e+02
   2.0811420e+02
   1.5040930e+02
   9.9568886e+01
   2.0757947e+02
   1.2847613e+02
   2.3261912e+02
   1.9597401e+02
   2.1284302e+02
   1.3909775e+02
   1.9365992e+02
   1.8585870e+02
   1.8407149e+02
   2.4035404e+02
   1.4658328e+02
   1.4006309e+02
   7.1188234e+01
   2.1528400e+02
   2.1562624e+02
   1.6137108e+02
   1.6406156e+02
   1.0785522e+02
   2.7137163e+02
   1.8032067e+02
   2.0615605e+02
   1.6664665e+02
   2.5609381e+02
   7.7826070e+01
   2.4677435e+02
   9.6347108e+01
   1.0612858e+02
   1.7768075e+02
   1.0546788e+02
   2.7851965e+02
   9.1314267e+01
   2.4833042e+02
   2.5132250e+02
   9.2656514e+01
   3.0918103e+02
   1.0196987e+02
   1.5551649e+02
   3.5493164e+02
   3.1419651e+02
   9.8392515e+01
   2.2467580e+02
   1.5567335e+02
   2.2836958e+02
   2.9213756e+02
   2.5054126e+02
   1.8204952e+02
   1.9403900e+02
   2.3686092e+02
   2.6811591e+02
   2.5353449e+02
   2.6525676e+02
   1.7581467e+02
   2.7864049e+02
   1.8933074e+02
   2.1137330e+02
   1.1229269e+02
   3.0270139e+02
   2.6355810e+02
   1.2480972e+02
   1.0572593e+02
   2.9925231e+02
   2.1095999e+02
   1.0856904e+02
   2.8003098e+02
   2.1226446e+02
   2.4114875e+02
   1.7692799e+02
   1.4843853e+02
   2.4723114e+02
   2.2571975e+02
   2.8788326e+02
   1.3130619e+02
   3.2222397e+02
   2.5935664e+02
   2.6103196e+02
   8.3423771e+01
   2.7095248e+02
   3.0609135e+02
   1.1692131e+02
   3.4461948e+02
   2.2345198e+02
   1.0419827e+02
   2.6761041e+02
   2.5538022e+02
   2.6820055e+02
   5.0768747e+01
   1.6243612e+02
   2.3902273e+02
   2.5229771e+02
   1.0404888e+02
   2.2744817e+02
   1.8111141e+02
   2.1299328e+02
   1.6937720e+02
   1.1012439e+02
   2.5656823e+02
   8.0733415e+01
   2.2117808e+02
   1.6001440e+02
   2.2778278e+02
   2.3816851e+02
   1.9786841e+02
   2.6032404e+02
   1.9670977e+02
   2.7258797e+02
   1.7627880e+02
   6.3296100e+01
   1.7737487e+02
   7.4301607e+01
   3.7301837e+02
   1.6638787e+02
   2.1744090e+02
   5.8016571e+01
   2.2451851e+02
   3.6460669e+02
   2.3444167e+02
   6.6892389e+01
   1.5765792e+02
   2.5406936e+02
   2.6430226e+02
   1.7172794e+02
   3.0568236e+02
   1.6229347e+02
   1.3497831e+02
   1.3822868e+02
   2.5577136e+02
   1.4089269e+02
   1.8943606e+02
   1.6617208e+02
   2.6230087e+02
   1.3590701e+02
   2.0762277e+02
   1.7085708e+02
   3.9079200e+02
   2.9949625e+02
   3.0584359e+02
   1.9306655e+02
   1.6904066e+02
   2.4727823e+02
   9.9655536e+01
   1.7726435e+02
   1.0021312e+02
   2.0373901e+02
   2.8163032e+02
   2.1607723e+02
   2.0282499e+02
   1.1680108e+02
   1.1224455e+02
   1.9022248e+02
   2.3559088e+02
   2.6843356e+02
   2.2983546e+02
   3.1150631e+02
   2.2497666e+02
   1.7841129e+02
   3.1206003e+02
   2.2336065e+02
   3.5119650e+02
   3.2599292e+02
   4.7340217e+01
   1.6565445e+02
   3.9493312e+01
   1.2477676e+02
   2.5415984e+02
   1.8290640e+02
   2.6028887e+02
   1.3998174e+02
   2.3773146e+02
   1.8413427e+02
   1.8058877e+02
   2.7631339e+02
   1.3248646e+02
   1.6603364e+02
   3.2170772e+02
   3.4795218e+02
   2.7647004e+02
   1.7030996e+02
   1.7431987e+01
   1.1751152e+02
   1.5844996e+02
   1.9755049e+02
   1.8145033e+02
   1.2636469e+02
   3.7954395e+02
   8.9247992e+01
   3.0428900e+02
   3.0980853e+02
   2.6367216e+02
   7.3631597e+01
   1.8188816e+02
   1.7093912e+02
   2.3574285e+02
   2.8642520e+02
   1.1987409e+02
   3.1108342e+02
   3.0262456e+02
   9.0871408e+01
   2.3333741e+02
   1.1179977e+02
   2.7502337e+02
   2.3988340e+02
   1.7323527e+02
   1.8215786e+02
   1.4884542e+02
   9.5782922e+01
   1.2496757e+02
   1.6934607e+02
   3.6253587e+02
   1.0116681e+02
   2.6738744e+02
   1.1640917e+02
   1.9162729e+02
   2.0155343e+02
   1.1701981e+02
   9.3402251e+01
   2.3066885e+02
   2.9939755e+02
   1.7602133e+02
   2.8787469e+02
   2.0617343e+02
   2.2959989e+02
   1.6408769e+02
   2.6957665e+01
   1.8997773e+02
   1.5147080e+02
   2.1083375e+02
   2.2159165e+02
   1.7501780e+02
   1.6132849e+02
   2.3421957e+02
   1.5480470e+02
   2.1003707e+02
   2.4376922e+02
   1.7843044e+02
   2.4810232e+02
   1.8382350e+02
   1.8332681e+02
   2.7620657e+02
   2.3491886e+02
   1.5654635e+02
   2.3245996e+02
   2.0193495e+02
   1.7252845e+02
   1.4222173e+02
   1.7222138e+02
   2.3215985e+02
   1.1522572e+02
   2.2494795e+02
   2.2663219e+02
   2.2864313e+02
   2.4575025e+02
   2.2239596e+02
   3.9671731e+01
   2.4157407e+02
   2.6519105e+02
   3.4056825e+02
   9.1433247e+01
   3.0693778e+02
   1.5798178e+02
   2.0152863e+02
   1.0950591e+02
   1.4690024e+02
   2.2255364e+02
   1.4643087e+02
   7.4391144e+01
   2.6512977e+02
   1.6310121e+02
   2.5459625e+02
   1.0953214e+02
   2.0675029e+02
   2.6143745e+02
   1.0712892e+02
   2.2093288e+02
   1.7119682e+02
   1.0743459e+02
   2.6330679e+02
   4.0279221e+02
   1.4776190e+02
   2.8189443e+02
   1.8778062e+02
   2.0961854e+02
   2.2646425e+02
   1.8813124e+02
   1.0766130e+02
   2.4271124e+02
   2.3221430e+02
   2.0808674e+02
   2.3188110e+02
   1.5076966e+02
   2.3095689e+02
   3.2550525e+02
   3.2088694e+02
   1.7116604e+02
   2.1864492e+02
   1.8378792e+02
   2.2141932e+02
   2.5781032e+02
   2.0653815e+02
   1.8050547e+02
   3.1899753e+02
   9.0670480e+01
   1.2900955e+02
   2.1639914e+02
   2.7370705e+02
   1.7384942e+02
   2.0021279e+02
   1.3560424e+02
   1.4674763e+02
   2.3069577e+02
   2.4887821e+02
   1.8415431e+02
   2.0225789e+02
   2.5136760e+02
   2.6459152e+02
   2.0808566e+02
   2.3162936e+02
   1.0040512e+02
   1.0648295e+02
   1.9809767e+02
   2.6415805e+02
   3.4860527e+02
   1.5222464e+02
   2.3464675e+02
   2.0393101e+02
   2.7444896e+02
   2.1316892e+02
   3.4862058e+02
   2.7500826e+02
   1.7842491e+02
   1.8559065e+02
   1.5963573e+02
   1.9947949e+02
   2.8845393e+02
   1.3363860e+02
   2.7501577e+02
   2.5813398e+02
   1.4442659e+02
   2.6358762e+02
   2.6435839e+02
   3.3960464e+02
   1.6213896e+02
   9.2609526e+01
   1.2341421e+02
   2.4133880e+02
   2.8048904e+02
   3.3093000e+02
   1.1022857e+02
   2.8224036e+02
   2.6636989e+02
   1.6458855e+02
   1.9533091e+02
   3.7745339e+02
   1.4800808e+02
   2.4355357e+02
   1.6865768e+02
   1.5854719e+02
   3.3383843e+02
   2.0600210e+02
   2.2887188e+02
   1.3273869e+02
   2.2722312e+02
   9.8158665e+01
   1.0395508e+02
   2.1516130e+02
   1.5973589e+02
   2.6918646e+02
   1.4472810e+02
   2.7598763e+02
   1.8765071e+02
   1.5382904e+02
   1.7413536e+02
   3.2536421e+02
   2.5366822e+02
   2.8202971e+02
   3.0613082e+02
   3.5240852e+02
   2.8564597e+02
   2.2738105e+02
   1.7535476e+02
   2.9063612e+02
   9.3857881e+01
   2.6346957e+02
   2.9518307e+02
   2.0046819e+02
   1.7231868e+02
   1.1901038e+02
   1.6935203e+02
   8.9441065e+01
   2.0687570e+02
   1.4173086e+02
   2.6784124e+02
   1.2962284e+02
   1.8558301e+02
   2.6785735e+02
   1.5860252e+02
   1.5799109e+02
   2.9887382e+02
   2.0490419e+02
   4.4019600e+02
   1.9753135e+02
   1.7341947e+02
   2.4850186e+02
   2.5059909e+02
   2.3179664e+02
   2.1579906e+02
   2.2461218e+02
   2.3555845e+02
   2.5655277e+02
   2.4912321e+02
   3.0965653e+02
   2.0338807e+02
   1.4427972e+02
   1.7488500e+02
   1.8758374e+02
   8.6608964e+01
   1.7423475e+02
   2.6258488e+02
   1.5196058e+02
   3.1279778e+02
   2.2441366e+02
   7.3883967e+01
   2.4161418e+02
   1.8959132e+02
   2.4793530e+02
   1.2112983e+02
   2.6294883e+02
   2.0564729e+02
   1.9890654e+02
   1.6283803e+02
   2.7709442e+02
   1.3066220e+02
   1.5209369e+02
   2.0375124e+02
   3.4046554e+02
   1.5770068e+02
   1.2359315e+02
   1.6062810e+02
   2.5966816e+02
   2.2065543e+02
   1.2597463e+02
   1.4505453e+02
   3.5637394e+02
   2.5710762e+02
   2.2489436e+02
   1.7529555e+02
   2.2484434e+02
   1.6484490e+02
   2.6236293e+02
   2.0816250e+02
   1.1169908e+02
   4.8698332e+01
   2.9461063e+02
   2.0626221e+02
   2.0405540e+02
   1.6652114e+02
   1.9970537e+02
   2.0133144e+02
   1.4093929e+02
   2.4207767e+02
   3.2508838e+02
   1.3421934e+02
   1.9689104e+02
   2.3196621e+02
   1.1814605e+02
   8.2733093e+01
   1.3585539e+02
   1.7838233e+02
   2.3358359e+02
   2.4984600e+01
   2.5865980e+02
   9.2908733e+01
   1.6817454e+02
   1.7662725e+02
   1.4188046e+02
   9.7838005e+01
   2.8827157e+02
   2.0878923e+02
   2.7687262e+02
   2.3653466e+02
   1.9057389e+02
   4.9790813e+01
   1.8295122e+02
   1.2716731e+02
   2.6207736e+02
   1.8050635e+02
   1.6329577e+02
   2.1075655e+02
   1.2236159e+02
   1.3662011e+02
   1.5056691e+02
   1.6823337e+02
   2.4017029e+02
   1.7578314e+02
   2.2701102e+02
   1.5218820e+02
   3.0249290e+02
   1.5596989e+02
   3.8239593e+02
   1.6178043e+02
   1.9682286e+02
   2.2920947e+02
   2.6190766e+02
   1.7183203e+02
   4.1821248e+01
   3.4066495e+02
   2.6632688e+02
   1.5552539e+02
   1.6830035e+02
   1.0034720e+02
   2.1068374e+02
   1.9227518e+02
   2.1969727e+02
   1.5051255e+02
   7.4242207e+01
   2.4980844e+02
   1.7485716e+02
   2.1897885e+02
   1.9683091e+02
   2.2733025e+02
   2.5886531e+02
   1.2222514e+02
   3.1974184e+02
   1.9941534e+02
   8.8211793e+01
   3.0565211e+02
   2.6489351e+02
   2.2426411e+02
   1.8991600e+02
   2.1279569e+02
   1.0643322e+02
   1.4258669e+02
   2.7476194e+02
   2.4778635e+02
   6.7114834e+01
   2.1478178e+02
   1.8050529e+02
   2.2442902e+02
   2.1418218e+02
   2.2570746e+02
   3.5507448e+02
   9.5130666e+01
   2.8126976e+02
   2.9534665e+02
   1.9756853e+02
   7.9573809e+01
   1.2249022e+02
   2.4803838e+02
   9.4255188e+01
   2.2618532e+02
   2.1363554e+02
   2.2542964e+02
   3.3028125e+02
   1.9578896e+02
   2.5826285e+02
   2.0909809e+02
   4.3992717e+02
   2.8442019e+02
   1.3382640e+02
   1.2129838e+02
   2.7872575e+02
   3.4368041e+02
   2.4537707e+02
   2.1133034e+02
   9.9476153e+01
   2.5303995e+02
   1.7418511e+02
   2.0899640e+02
   2.6343315e+02
   6.4178074e+01
   2.1087255e+02
   7.7627165e+01
   2.5643713e+02
   1.6942768e+02
   1.8349156e+02
   1.2855532e+02
   1.7296818e+02
   1.4018424e+02
   2.0270780e+02
   1.5682505e+02
   1.3795623e+02
   2.6409040e+02
   1.4412620e+02
   2.2331981e+02
   1.9669914e+02
   7.5339086e+01
   2.1213777e+02
   2.4741409e+02
   2.4404698e+02
   1.5078237e+02
   1.9891454e+02
   2.1220105e+02
   1.8410533e+02
   2.4054890e+02
   2.9105161e+02
   2.8304771e+02
   9.2595535e+01
   1.5065884e+02
   1.8672476e+02
   1.2252213e+02
   2.1687868e+02
   2.9239155e+02
   1.6734693e+02
   2.2155564e+02
   1.5121580e+02
   2.6160252e+02
   1.1420840e+02
   1.9699419e+02
   2.2875979e+02
   2.7293556e+02
   1.8472925e+02
   1.3342005e+02
   1.5613599e+02
   2.4453540e+02
   3.5034112e+02
   1.4934810e+02
   1.7550534e+02
   1.5359851e+02
   1.8473568e+02
   1.7132780e+02
   2.1814650e+02
   3.2832893e+02
   1.9548037e+02
   2.6180040e+02
   2.8785914e+02
   2.6858733e+02
   3.2114744e+02
   2.2911870e+02
   1.0628483e+02
   2.8040975e+02
   1.1869898e+02
   1.7914430e+02
   1.8394289e+02
   3.0381175e+02
   1.4727881e+02
   2.3658469e+02
   3.0487671e+02
   1.5831679e+02
   1.5591027e+02
   2.1017045e+02
   1.8472595e+02
   1.4319536e+02
   2.3247823e+02
   2.3206029e+02
   2.8028385e+02
   3.0312284e+02
   1.8989081e+02
   2.5975330e+02
   9.0150825e+01
   1.3533178e+02
   9.3114470e+01
   1.6769483e+02
   2.6296396e+02
   2.7472580e+02
   2.7091187e+02
   3.3383642e+02
   1.6924866e+02
   1.1929795e+02
   1.7452962e+01
   2.1801294e+02
   2.3000510e+02
   2.1530064e+02
   1.6569680e+02
   3.0722009e+02
   1.2683435e+02
   3.9043005e+02
   2.0940349e+02
   1.8130297e+02
   2.7904208e+02
   2.0243098e+02
   2.9531839e+02
   3.2100482e+02
   1.0688514e+02
   2.5822692e+02
   2.2030513e+02
   2.8229619e+02
   7.4183096e+01
   2.8464376e+02
   2.3112993e+02
   3.2487830e+02
   4.9582995e+01
   2.0045866e+02
   1.9494218e+02
   2.1766777e+02
   3.8715781e+02
   2.3119817e+02
   3.2092874e+02
   1.3714056e+02
   1.0544568e+02
   1.7369483e+02
   1.3881649e+02
   1.7047232e+02
   2.4095589e+02
   1.9971009e+02
   1.3191763e+02
   3.0352277e+02
   1.4143765e+02
   2.9281458e+02
   2.4591755e+02
   1.0406985e+02
   2.6813915e+02
   2.8397298e+02
   2.3869846e+02
   1.8562670e+02
   2.3560321e+02
   3.1882880e+02
   2.5612189e+02
   2.2289749e+02
   1.3105201e+02
   1.4951720e+02
   1.3868513e+02
   1.9389844e+02
   2.1748143e+02
   2.3804597e+02
   2.6018096e+02
   2.2072981e+02
   2.9659450e+02
   2.2437970e+02
   5.2694194e+01
   8.4080515e+01
   2.5917106e+02
   2.7661606e+02
   1.8760574e+02
   3.2771409e+02
   9.8934491e+01
   1.6329035e+02
   1.7842961e+02
   1.5694097e+02
   1.6829628e+02
   1.4510062e+02
   2.6104112e+02
   1.9939759e+02
   5.1204312e+01
   2.4247255e+02
   2.2978919e+02
   3.1761808e+02
   2.1923466e+02
   1.5862280e+02
   2.9819166e+02
   1.4519415e+02
   1.6701459e+02
   1.6298649e+02
   1.5120980e+02
   2.2816572e+02
   2.0967570e+02
   6.7748349e+01
   2.3359771e+02
   1.4145866e+02
   2.0172165e+02
   1.6709463e+02
   2.1956658e+02
   2.3603805e+02
   1.4626516e+02
   2.3506452e+02
   1.9856754e+02
   1.5894277e+02
   1.9709963e+02
   2.6973252e+02
   2.6257494e+02
   1.5865793e+02
   1.6999504e+02
   2.6392838e+02
   1.8723183e+02
   2.9012114e+02
   1.0653827e+02
   2.3839852e+02
   2.2300501e+02
   2.6095375e+02
   2.3619599e+02
   2.6253211e+02
   1.4752728e+02
   3.1009933e+02
   2.1974330e+02
   2.6459687e+02
   1.5099325e+02
   2.9134419e+02
   2.0083591e+02
   9.3635081e+01
   2.0309967e+02
   1.2439041e+02
   8.4715484e+01
   2.0211763e+02
   2.3527267e+02
   5.5053790e+01
   3.1431137e+02
   2.5130337e+02
   2.3740722e+02
   2.1321063e+02
   3.6380581e+02
   1.8890044e+02
   2.0375252e+02
   1.9937023e+02
   2.0110486e+02
   1.8917183e+02
   2.1566589e+02
   1.0472593e+02
   1.9276088e+02
   2.1598774e+02
   8.8805990e+01
   2.1722479e+02
   1.7164389e+02
   2.5233954e+02
   6.9458711e+01
   2.4597927e+02
   1.5725483e+02
   1.6758282e+02
   2.0083138e+02
   2.1702311e+02
   1.8087645e+02
   7.9747256e+01
   2.6217463e+02
   7.9412315e+01
   1.9046575e+02
   1.7895618e+02
   2.0982275e+02
   1.6400136e+02
   1.9104956e+02
   1.6641873e+02
   1.7424512e+02
   8.5734871e+01
   2.1031026e+02
   2.2970380e+02
   1.3961455e+02
   2.8802249e+02
   1.7926471e+02
   3.2873983e+02
   1.2027819e+02
   2.9508187e+01
   1.2717416e+02
   7.6215219e+01
   2.2840038e+02
   2.8655564e+02
   1.7579235e+02
   1.9119297e+02
   1.7783155e+02
   2.7839261e+02
   3.3192412e+02
   1.1967794e+02
   2.8750601e+02
   1.9406417e+02
   2.0851605e+02
   3.4457473e+02
   1.3174959e+02
   2.3501186e+02
   1.4535603e+02
   1.3760781e+02
   1.6414306e+02
   2.4417452e+02
   2.7664329e+02
   2.8778166e+02
   8.9330952e+01
   1.9063041e+02
   3.6890603e+02
   1.9069155e+02
   1.3779279e+02
   1.3507163e+02
   2.5690786e+02
   2.8127407e+02
   1.5333745e+02
   2.4704951e+02
   1.3051771e+02
   3.3065963e+02
   2.4853454e+02
   2.4233911e+02
   2.1324579e+02
   2.4816338e+02
   6.3066958e+01
   2.4647444e+02
   1.7019209e+02
   7.7176352e+01
   2.5046477e+02
   2.0868594e+02
   1.2475702e+02
   1.7906235e+02
   2.7214379e+02
   1.8014954e+02
   1.6940111e+02
   9.8866464e+01
   1.6521661e+02
   2.2421551e+02
   1.7764502e+02
   1.5705598e+02
   1.5873944e+02
   2.7235133e+02
   2.0726030e+02
   2.5332912e+02
   1.6150629e+02
   3.4290370e+02
   3.1364511e+02
   1.8730367e+02
   3.1659883e+02
   2.5992499e+02
   1.2237021e+02
   9.1660612e-01
   1.4537125e+02
   1.5929859e+02
   2.2444420e+02
   9.3746908e+01
   2.6298160e+02
   1.6087030e+02
   2.0957720e+02
   2.5507724e+02
   2.8712274e+02
   2.3281913e+02
   1.2986387e+02
   2.7508649e+02
   1.8804629e+02
   1.6438317e+02
   2.2946532e+02
   1.9730211e+02
   1.3190444e+02
   2.8806275e+02
   1.9816734e+02
   2.2205113e+02
   7.6234653e+01
   1.6685319e+02
   1.8545731e+02
   1.7726507e+02
   4.0448308e+02
   1.5613842e+02
   3.1976287e+02
   4.2717204e+02
   2.0998037e+02
   1.3264425e+02
   8.7589347e+01
   2.2672979e+02
   1.3067670e+02
   3.0570206e+02
   1.4776511e+02
   1.8734315e+02
   1.8969803e+02
   1.8115133e+02
   2.6032140e+02
   2.4031178e+02
   1.8080048e+02
   1.0029130e+02
   1.8230319e+02
   2.9871087e+02
   1.7382203e+02
   1.0626035e+02
   2.3808327e+02
   2.2183360e+02
   1.1910927e+02
   3.2706908e+02
   2.2491430e+02
   2.2408533e+02
   1.8368370e+02
   1.0348967e+02
   2.2815825e+02
   2.7288803e+02
   1.6195739e+02
   2.8746243e+02
   2.8979112e+02
   1.3518623e+02
   2.3030445e+02
   1.3675185e+02
   2.3290783e+02
   2.1878319e+02
   3.3976221e+02
   2.8692127e+02
   1.5803630e+02
   2.7861055e+02
   2.2342906e+02
   1.1471514e+02
   2.0472048e+02
   1.5096069e+02
   2.3335827e+02
   2.0350691e+02
   1.2529787e+02
   2.6059636e+02
   2.5003350e+02
   2.0849811e+02
   2.8168835e+02
   1.3552072e+02
   1.5802985e+02
   2.1440273e+02
   2.0193732e+02
   2.3744604e+02
   1.9313581e+02
   2.8101876e+02
   3.4603193e+02
   2.4817106e+02
   2.0698182e+02
   3.1595071e+02
   1.4239335e+02
   3.1996478e+02
   2.5291491e+02
   3.5153216e+02
   1.2072878e+02
   2.1508465e+02
   2.6292950e+02
   3.3977331e+02
   8.3634139e+01
   2.0676383e+02
   3.0720543e+02
   2.8354334e+02
   1.3980523e+02
   1.6650504e+02
   3.4256331e+01
   3.2434201e+01
   1.7378467e+02
   2.3308242e+02
   1.9316843e+02
   3.5714097e+02
   2.1301690e+02
   2.4193527e+02
   2.1135659e+02
   1.2846647e+02
   1.8145357e+02
   1.8409534e+02
   5.8532003e+01
   2.1859724e+02
   1.8460957e+02
   2.4289737e+02
   5.2178817e+01
   1.0216886e+02
   3.1796595e+02
   1.9500898e+02
   1.3780227e+02
   1.5230294e+02
   3.3702320e+02
   2.2179874e+02
   1.4854788e+02
   2.2945384e+02
   1.9314502e+02
   2.3925909e+02
   2.5033381e+02
   1.4211001e+02
   2.0414493e+02
   2.1227440e+02
   2.1168586e+02
   1.7900215e+02
   2.2027334e+02
   2.4419422e+02
   2.0564127e+02
   2.1850942e+02
   1.6349126e+02
   1.9546488e+02
   5.9558693e+01
   2.6165646e+02
   3.1134582e+02
   2.8259891e+02
   1.6862253e+02
   2.8359238e+02
   1.8830769e+02
   2.7718346e+02
   1.9117576e+02
   2.4519888e+02
   2.3175696e+02
   4.1946903e+01
   2.4259620e+02
   1.5541761e+02
   2.1422044e+02
   1.4376785e+02
   3.3513771e+02
   2.3924275e+02
   1.3448326e+02
   2.5002527e+02
   2.2724362e+02
   2.7113875e+02
   1.4055218e+02
   1.4784656e+02
   1.2448237e+02
   1.5454824e+02
   2.6449051e+02
   3.3375273e+02
   2.9849630e+02
   1.3926596e+02
   1.5315436e+02
   1.8602868e+02
   1.6458435e+02
   2.8444856e+02
   1.5384863e+02
   2.3064791e+02
   1.8789433e+02
   2.5004640e+02
   1.7696254e+02
   2.4446890e+02
   1.3983195e+02
   1.4509287e+02
   1.6952773e+02
   1.9339647e+02
   2.7866197e+02
   2.2033507e+02
   2.1528814e+02
   2.2813986e+02
   1.0924025e+02
   1.9275893e+02
   2.4602059e+02
   1.6960311e+02
   1.5097074e+02
   2.4555649e+02
   1.6559789e+02
   1.9402233e+02
   1.7739797e+02
   2.7076102e+02
   2.7560349e+02
   1.8254738e+02
   1.1413131e+02
   2.3466086e+02
   1.7776153e+02
   3.0875122e+02
   2.5633436e+02
   1.3984851e+02
   1.6252498e+02
   1.4410355e+02
   2.7029922e+02
   1.1814797e+02
   2.6050783e+02
   9.8667208e+01
   1.4187791e+02
   2.2838061e+02
   1.1836154e+02
   2.8618340e+02
   2.7553402e+02
   1.4239339e+02
   1.8661766e+02
   2.1209613e+02
   2.1759676e+02
   9.1745174e+01
   8.8112162e+01
   2.0292853e+02
   1.9799545e+02
   2.4266659e+01
   1.7496316e+02
   1.9037420e+02
   1.7035889e+02
   2.2587491e+02
   2.2464809e+02
   2.6784839e+02
   2.0226076e+02
   2.3940801e+02
   1.6728845e+02
   8.2262614e+01
   2.5337803e+02
   1.2811413e+02
   2.0593480e+02
   3.6066043e+02
   3.2178712e+02
   2.8282303e+02
   1.3219270e+02
   2.4330394e+02
   2.2256382e+02
   2.5563709e+02
   2.6273568e+02
   8.6001854e+01
   2.0214342e+02
   1.9009023e+02
   3.2948547e+02
   1.1368852e+02
   1.3038539e+02
   1.6959108e+02
   2.5469462e+02
   2.2318708e+02
   2.2237084e+02
   2.4741492e+02
   1.7350586e+02
   2.6389817e+02
   1.3434432e+02
   2.2860054e+02
   1.9198765e+02
   2.2424189e+02
   2.1063135e+02
   1.7260528e+02
   1.4936718e+01
   1.6687158e+02
   1.6909620e+02
   2.0242135e+02
   1.3104085e+02
   1.5167470e+02
   1.5003377e+02
   2.0468596e+02
   2.2040661e+02
   1.9296201e+02
   2.7116489e+02
   2.6609074e+02
   9.1741163e+01
   2.9958167e+02
   2.0275576e+02
   2.4330313e+02
   2.2513243e+02
   1.2469516e+02
   2.2786216e+02
   2.5889682e+02
   1.0859177e+02
   2.5578381e+02
   2.2533226e+02
   2.2862411e+02
   2.4375556e+02
   2.1639555e+02
   3.4651045e+02
   2.7801067e+02
   6.8810822e+01
   2.6739109e+02
   2.0220189e+02
   1.1682901e+02
   7.1609071e+01
   2.6876086e+02
   1.4069368e+02
   2.4282603e+02
   2.4505842e+02
   2.2048569e+02
   2.6724172e+02
   2.5223295e+02
   9.8316892e+01
   2.5663919e+02
   2.8170086e+02
   1.2135267e+02
   2.2824979e+02
   1.2750656e+02
   1.4957474e+02
   2.1624604e+02
   2.5306181e+02
   2.1102901e+02
   1.7632778e+02
   1.6642607e+02
   2.3002543e+02
   2.1314106e+02
   2.1074348e+02
   1.2644540e+02
   2.5971541e+02
   3.4424906e+02
   2.8907641e+02
   1.8755156e+02
   1.0039072e+02
   1.5471161e+02
   1.9519854e+02
   2.6732972e+02
   1.6180244e+02
   2.3102855e+02
   2.1056261e+02
   1.9553775e+02
   2.3867568e+02
   1.2358065e+02
   1.9904991e+02
   1.7531903e+02
   1.2281853e+02
   2.7102960e+02
   2.5092957e+02
   2.2092447e+02
   2.8736384e+02
   3.5997606e+02
   2.9355499e+02
   2.6605638e+02
   2.2818436e+02
   8.9347408e+01
   1.8679425e+02
   1.0461658e+02
   1.5661395e+02
   2.4793727e+02
   3.2869279e+02
   1.7423150e+01
   1.1489679e+02
   2.2153835e+02
   3.7792336e+02
   4.5528555e+01
   2.0009420e+02
   1.9391591e+02
   3.1193889e+02
   2.2335327e+02
   1.5595848e+02
   9.6430388e+01
   1.4761907e+02
   2.9776732e+02
   2.5388540e+02
   1.7796855e+02
   8.3806010e+01
   2.9972471e+02
   1.6613906e+02
   2.4518345e+02
   2.4833697e+02
   2.7265177e+02
   1.9849722e+02
   3.5225001e+02
   2.0728538e+02
   2.6610733e+02
   2.0242697e+02
   8.9283602e+01
   1.4636561e+02
   1.7416133e+02
   2.4155072e+02
   1.3380160e+02
   2.0489211e+02
   2.9724133e+02
   1.6939711e+02
   1.8551554e+02
   1.9982171e+02
   3.1085324e+02
   3.0871918e+02
   1.9512993e+02
   1.0707795e+02
   2.4732792e+02
   2.9117491e+02
   1.2644853e+02
   1.1346227e+02
   2.0981899e+02
   2.0324380e+02
   2.1727841e+02
   1.3786288e+02
   2.3934226e+02
   1.9393772e+02
   1.7350171e+02
   3.1084557e+02
   3.9137583e+02
   2.1686358e+02
   2.0321906e+02
   1.6906880e+02
   1.5122413e+02
   7.7533986e+01
   1.9042570e+02
   2.2980424e+02
   1.5268070e+02
   2.0084627e+02
   1.8190892e+02
   1.6653866e+02
   2.4608597e+02
   9.3498608e+00
   2.7330408e+02
   3.0913516e+02
   1.7053673e+02
   2.7197236e+02
   1.5750463e+02
   1.6531572e+02
   1.4660304e+02
   1.5392046e+02
   6.6545189e+01
   2.1509338e+02
   3.5114840e+02
   1.9188086e+02
   2.0488276e+02
   2.7381787e+02
   2.7790049e+02
   1.5804575e+02
   1.5397068e+02
   3.1050853e+02
   2.2013766e+02
   1.6131410e+02
   3.2732525e+02
   2.7466071e+02
   2.4624858e+02
   2.3247253e+02
   1.4831871e+02
   2.1044098e+02
   2.2173349e+02
   2.1462486e+02
   1.8381033e+02
   2.5031494e+02
   2.4764016e+02
   1.7943536e+02
   2.7336574e+02
   1.2158349e+02
   1.6326104e+02
   1.8466875e+02
   2.4054128e+02
   1.7887259e+02
   2.4628399e+02
   2.2952943e+02
   1.8472749e+02
   1.9221186e+02
   2.4976586e+02
   1.7279379e+02
   2.4513796e+02
   1.6932196e+02
   3.5777155e+02
   1.5882115e+02
   1.9024395e+02
   1.6391453e+02
   2.7434732e+02
   1.1859315e+02
   2.4630050e+02
   7.7484842e+01
   2.2521492e+02
   1.5321328e+02
   3.2970776e+02
   1.6933646e+02
   2.1892691e+02
   1.9119947e+02
   1.5546752e+02
   1.3601280e+02
   1.5055746e+02
   2.8088115e+02
   1.7978556e+02
   2.3514942e+02
   2.1269261e+02
   2.2832805e+02
   1.7368608e+02
   1.9977292e+02
   2.2463678e+02
   2.0490176e+02
   2.0191024e+02
   1.2190434e+02
   2.6743265e+02
   2.5894106e+02
   6.7619518e+01
   2.7280296e+02
   2.3169833e+02
   2.4808750e+02
   8.7141143e+01
   2.0273909e+02
   2.5277794e+02
   6.2697733e+01
   1.1740974e+02
   2.3828567e+02
   1.7587131e+02
   2.1921174e+02
   1.4237739e+02
   2.5963965e+02
   1.0303156e+02
   1.6334480e+02
   1.9705997e+02
   2.5629516e+02
   2.1492605e+02
   2.4000171e+02
   1.9369232e+02
   4.2390465e+02
   1.3717717e+02
   1.5604747e+02
   2.4268506e+02
   1.9090844e+02
   2.3384356e+02
   2.9959689e+02
   3.0255513e+02
   1.5352853e+02
   1.7189275e+02
   2.2849839e+02
   2.7032268e+02
   2.3636575e+02
   2.8883158e+02
   3.3659528e+02
   1.4716116e+02
   2.7449025e+02
   2.0756808e+02
   3.0026621e+02
   2.4250979e+02
   2.2419859e+02
   1.6511693e+02
   2.6861813e+02
   2.1248542e+02
   1.9203684e+02
   2.5314968e+02
   3.2880843e+02
   1.4504573e+02
   3.0401809e+02
   1.2719713e+02
   1.6957059e+02
   1.4356533e+02
   2.1634544e+02
   1.8375762e+02
   2.8228098e+02
   2.0739911e+02
   1.8366934e+02
   1.7095395e+02
   2.1205651e+02
   6.7314463e+01
   2.4101318e+02
   1.1722305e+02
   1.1765971e+02
   2.0522223e+02
   2.0336415e+02
   1.5736684e+02
   2.3739730e+02
   2.6973384e+02
   2.3254367e+02
   2.4489148e+02
   1.8138534e+02
   1.9260731e+02
   2.0849566e+02
   1.1336491e+02
   2.3307703e+02
   1.1912818e+02
   2.1727816e+02
   2.1526469e+02
   2.8147280e+02
   1.2165568e+02
   1.6515532e+02
   2.7295998e+02
   2.6737980e+02
   1.0335081e+02
   2.4433531e+02
   2.7989942e+02
   2.6876370e+02
   2.5293155e+02
   1.8134396e+02
   1.1935030e+02
   1.8117825e+02
   2.2777761e+02
   9.2478264e+01
   2.3419667e+02
   1.8484066e+02
   2.3891445e+02
   1.0572933e+02
   1.7534576e+02
   1.0917475e+02
   1.4964876e+02
   6.8232743e+01
   3.2490783e+02
   1.1094675e+02
   8.0652425e+01
   2.2507936e+02
   1.8228675e+02
   3.2862320e+02
   2.0913609e+02
   3.0573518e+02
   4.3152187e+02
   2.0686701e+02
   1.6892734e+02
   3.0749528e+02
   2.3990839e+02
   1.3108721e+02
   3.2510163e+02
   2.7555186e+02
   1.8132446e+02
   2.5855784e+02
   1.6836115e+02
   2.1013880e+02
   8.4140672e+01
   2.6579522e+02
   1.9589402e+02
   2.9198601e+02
   2.3445993e+02
   1.8759795e+02
   1.5274360e+02
   2.8017171e+02
   1.2272345e+02
   1.5084146e+02
   2.3191241e+02
   2.6175601e+02
   1.6727321e+02
   1.6700779e+02
   2.0181176e+02
   2.0846950e+02
   2.4302823e+02
   2.3363424e+02
   2.6245092e+02
   2.7661049e+02
   2.4058268e+02
   1.5643600e+02
   2.8287682e+02
   2.7691749e+02
   2.8052144e+02
   1.7005604e+02
   1.4789523e+02
   1.8360304e+02
   2.8612112e+02
   2.0443158e+02
   2.6121513e+02
   1.7698594e+02
   2.5284366e+02
   2.0532303e+02
   2.7468698e+02
   1.1674652e+02
   3.1770573e+02
   2.3349802e+02
   1.7939978e+02
   9.1883088e+01
   2.3190039e+02
   2.5198263e+02
   1.7575983e+02
   1.9709204e+02
   2.6719407e+02
   1.9311913e+02
   2.3936291e+02
   2.7506597e+02
   3.2182374e+02
   2.6275309e+02
   2.2840409e+02
   1.4186446e+02
   8.6808180e+01
   2.3102633e+02
   2.7674077e+02
   2.5206015e+02
   2.3786859e+02
   1.9754984e+02
   1.9779993e+02
   3.1487371e+02
   2.6277053e+02
   2.2228522e+02
   2.1898892e+02
   2.0289388e+02
   3.7367784e+02
   2.7933703e+02
   1.5896915e+02
   3.1708863e+02
   1.1167761e+02
   2.1065073e+02
   2.0343334e+02
   1.9953855e+02
   2.8371588e+02
   3.2512021e+02
   2.9983249e+02
   1.8720583e+02
   1.5054002e+02
   4.8652668e+01
   2.5647018e+02
   2.5780125e+02
   1.1573401e+02
   1.8069968e+02
   2.2612297e+02
   2.1994580e+02
   2.1881138e+02
   1.5768936e+02
   1.7836592e+02
   3.4101408e+02
   3.4092286e+02
   2.2268310e+02
   2.1640885e+02
   1.6081332e+02
   2.0751655e+02
   2.2562801e+02
   2.4860490e+02
   2.5205921e+02
   2.7355071e+02
   1.1239344e+02
   1.7906722e+02
   1.8063560e+02
   3.4546547e+02
   2.2699681e+02
   2.6601249e+02
   1.7778237e+02
   2.4433991e+02
   2.6581395e+02
   3.3928404e+02
   2.8933439e+02
   1.4130540e+02
   2.6505291e+02
   1.4230134e+02
   1.4262078e+02
   2.0547953e+02
   1.9528417e+02
   1.2638575e+02
   1.2620993e+02
   5.6240857e+01
   1.8749145e+02
   2.5013309e+02
   1.7177407e+02
   2.0420152e+02
   2.8189152e+02
