   0.0000000e+00   2.6355103e+01
   2.0000000e+00   2.4566650e+01
   4.0000000e+00   2.6040649e+01
   6.0000000e+00   2.5549316e+01
   8.0000000e+00   2.4205376e+01
   1.0000000e+01   2.4797866e+01
   1.2000000e+01   2.4696709e+01
   1.4000000e+01   2.3714043e+01
   1.6000000e+01   2.1257378e+01
   1.8000000e+01   1.9653320e+01
   2.0000000e+01   1.8670654e+01
   2.2000000e+01   1.8540596e+01
   2.4000000e+01   1.8670654e+01
   2.6000000e+01   1.8179321e+01
   2.8000000e+01   1.5361382e+01
   3.0000000e+01   9.4653859e+00
   3.2000000e+01   1.0578111e+01
   3.4000000e+01   1.4812245e+01
   3.6000000e+01   1.8598399e+01
   3.8000000e+01   2.5910591e+01
   4.0000000e+01   2.8858589e+01
   4.2000000e+01   2.8020432e+01
   4.4000000e+01   2.1979927e+01
   4.6000000e+01   2.3844102e+01
   4.8000000e+01   2.5549316e+01
   5.0000000e+01   2.7514648e+01
   5.2000000e+01   2.7384590e+01
   5.4000000e+01   2.5910591e+01
   5.6000000e+01   2.4566650e+01
   5.8000000e+01   2.3945259e+01
   6.0000000e+01   2.3583984e+01
   6.2000000e+01   1.9783379e+01
   6.4000000e+01   1.8179321e+01
   6.6000000e+01   2.2832534e+01
   6.8000000e+01   2.1979927e+01
   7.0000000e+01   2.3323867e+01
   7.2000000e+01   2.2211142e+01
   7.4000000e+01   2.0375869e+01
   7.6000000e+01   2.3714043e+01
   7.8000000e+01   2.7124472e+01
   8.0000000e+01   2.2370103e+01
   8.2000000e+01   2.3453926e+01
   8.4000000e+01   2.8728530e+01
   8.6000000e+01   2.1127319e+01
   8.8000000e+01   2.1228476e+01
   9.0000000e+01   1.6835381e+01
   9.2000000e+01   1.6835381e+01
   9.4000000e+01   2.1618652e+01
   9.6000000e+01   2.2341201e+01
   9.8000000e+01   1.8497243e+01
   1.0000000e+02   1.7557930e+01
   1.0200000e+02   1.6633067e+01
   1.0400000e+02   1.5361382e+01
   1.0600000e+02   1.9031929e+01
   1.0800000e+02   1.6604165e+01
   1.1000000e+02   1.1430718e+01
   1.1200000e+02   1.3135932e+01
   1.1400000e+02   6.5462898e+00
   1.1600000e+02   9.3353271e+00
   1.1800000e+02   8.6850335e+00
   1.2000000e+02   6.3873291e+00
   1.2200000e+02   3.7138995e+00
   1.2400000e+02   8.0925437e+00
   1.2600000e+02   1.2124365e+01
   1.2800000e+02   1.2904717e+01
   1.3000000e+02   1.4609931e+01
   1.3200000e+02   1.7153302e+01
   1.3400000e+02   1.9292046e+01
   1.3600000e+02   1.7066597e+01
   1.3800000e+02   1.4739990e+01
   1.4000000e+02   1.3497207e+01
   1.4200000e+02   9.8266602e+00
   1.4400000e+02   1.0549209e+01
   1.4600000e+02   8.9740529e+00
   1.4800000e+02   6.8786621e+00
   1.5000000e+02   6.0260548e+00
   1.5200000e+02   5.5347218e+00
   1.5400000e+02   1.4725539e+01
   1.5600000e+02   1.8974125e+01
   1.5800000e+02   1.2904717e+01
   1.6000000e+02   1.1922051e+01
   1.6200000e+02   1.1416267e+01
   1.6400000e+02   1.8179321e+01
   1.6600000e+02   2.1951025e+01
   1.6800000e+02   2.2601318e+01
   1.7000000e+02   2.0014595e+01
   1.7200000e+02   2.1878770e+01
   1.7400000e+02   2.1748711e+01
   1.7600000e+02   2.2109985e+01
   1.7800000e+02   2.1618652e+01
   1.8000000e+02   2.1488594e+01
   1.8200000e+02   2.3453926e+01
   1.8400000e+02   3.0072470e+01
   1.8600000e+02   2.7572452e+01
   1.8800000e+02   2.6401924e+01
   1.9000000e+02   2.7023315e+01
   1.9200000e+02   1.8497243e+01
   1.9400000e+02   1.9523262e+01
   1.9600000e+02   1.3352697e+01
   1.9800000e+02   1.2644599e+01
   2.0000000e+02   1.2413384e+01
   2.0200000e+02   9.9711699e+00
   2.0400000e+02   1.8511694e+01
   2.0600000e+02   1.8714007e+01
   2.0800000e+02   1.2948070e+01
   2.1000000e+02   2.0274712e+01
   2.1200000e+02   2.0144653e+01
   2.1400000e+02   1.6344048e+01
   2.1600000e+02   1.6835381e+01
   2.1800000e+02   1.5982774e+01
   2.2000000e+02   2.3136004e+01
   2.2200000e+02   2.4205376e+01
   2.2400000e+02   2.3222710e+01
   2.2600000e+02   2.1445241e+01
   2.2800000e+02   2.3323867e+01
   2.3000000e+02   1.5433637e+01
   2.3200000e+02   1.3164834e+01
   2.3400000e+02   1.5000108e+01
   2.3600000e+02   1.4942304e+01
   2.3800000e+02   1.6705322e+01
   2.4000000e+02   1.3034776e+01
   2.4200000e+02   1.2543443e+01
   2.4400000e+02   1.1199502e+01
   2.4600000e+02   1.0867130e+01
   2.4800000e+02   1.5361382e+01
   2.5000000e+02   2.5086885e+01
   2.5200000e+02   3.2167861e+01
   2.5400000e+02   3.0043568e+01
   2.5600000e+02   2.2109985e+01
   2.5800000e+02   2.2601318e+01
   2.6000000e+02   2.3974161e+01
   2.6200000e+02   1.9653320e+01
   2.6400000e+02   1.7818047e+01
   2.6600000e+02   1.6083931e+01
   2.6800000e+02   1.4118598e+01
   2.7000000e+02   7.6590145e+00
   2.7200000e+02   8.5116218e+00
   2.7400000e+02   1.4248657e+01
   2.7600000e+02   1.6835381e+01
   2.7800000e+02   1.8540596e+01
   2.8000000e+02   1.7196655e+01
   2.8200000e+02   1.3265991e+01
   2.8400000e+02   1.5722656e+01
   2.8600000e+02   1.7066597e+01
   2.8800000e+02   1.6344048e+01
   2.9000000e+02   1.8208223e+01
   2.9200000e+02   1.7326714e+01
   2.9400000e+02   1.7095498e+01
   2.9600000e+02   2.3453926e+01
   2.9800000e+02   2.5419258e+01
   3.0000000e+02   1.6777577e+01
   3.0200000e+02   2.0635986e+01
   3.0400000e+02   1.8338282e+01
   3.0600000e+02   1.7687988e+01
   3.0800000e+02   1.8540596e+01
   3.1000000e+02   1.4075246e+01
   3.1200000e+02   1.7557930e+01
   3.1400000e+02   2.0505928e+01
   3.1600000e+02   2.2572416e+01
   3.1800000e+02   2.4436592e+01
   3.2000000e+02   2.5607120e+01
   3.2200000e+02   3.1185195e+01
   3.2400000e+02   2.6416375e+01
   3.2600000e+02   1.7326714e+01
   3.2800000e+02   1.8800713e+01
   3.3000000e+02   2.2442358e+01
   3.3200000e+02   2.3844102e+01
   3.3400000e+02   2.2008829e+01
   3.3600000e+02   2.1618652e+01
   3.3800000e+02   2.0144653e+01
   3.4000000e+02   1.8439439e+01
   3.4200000e+02   1.8309380e+01
   3.4400000e+02   1.7326714e+01
   3.4600000e+02   1.7355616e+01
   3.4800000e+02   2.0635986e+01
   3.5000000e+02   1.9133085e+01
   3.5200000e+02   1.4739990e+01
   3.5400000e+02   2.0144653e+01
   3.5600000e+02   2.1387437e+01
   3.5800000e+02   2.4566650e+01
   3.6000000e+02   1.8728458e+01
   3.6200000e+02   1.6546362e+01
   3.6400000e+02   1.4581030e+01
   3.6600000e+02   1.3265991e+01
   3.6800000e+02   1.8670654e+01
   3.7000000e+02   1.9523262e+01
   3.7200000e+02   1.9783379e+01
   3.7400000e+02   2.2702475e+01
   3.7600000e+02   2.1849868e+01
   3.7800000e+02   1.8121517e+01
   3.8000000e+02   2.0086849e+01
   3.8200000e+02   2.2962593e+01
   3.8400000e+02   2.1560848e+01
   3.8600000e+02   1.9624418e+01
   3.8800000e+02   1.8179321e+01
   3.9000000e+02   2.4335435e+01
   3.9200000e+02   1.7196655e+01
   3.9400000e+02   1.2774658e+01
   3.9600000e+02   1.1517424e+01
   3.9800000e+02   9.3064252e+00
   4.0000000e+02   5.9248980e-01
   4.0200000e+02   5.9393490e+00
   4.0400000e+02   1.3757324e+01
   4.0600000e+02   1.3974089e+01
   4.0800000e+02   2.1849868e+01
   4.1000000e+02   2.2370103e+01
   4.1200000e+02   2.1459692e+01
   4.1400000e+02   1.6647518e+01
   4.1600000e+02   1.0968287e+01
   4.1800000e+02   1.0289091e+01
   4.2000000e+02   1.5592598e+01
   4.2200000e+02   1.0115680e+01
   4.2400000e+02   2.1127319e+01
   4.2600000e+02   1.3063678e+01
   4.2800000e+02   1.3455870e+01
   4.3000000e+02   1.4653284e+01
   4.3200000e+02   1.0317993e+01
   4.3400000e+02   7.3699951e+00
   4.3600000e+02   7.3699951e+00
   4.3800000e+02   7.1098776e+00
   4.4000000e+02   1.3005874e+00
   4.4200000e+02   4.7832713e+00
   4.4400000e+02   1.1560777e+00
   4.4600000e+02   3.5982917e+00
   4.4800000e+02   9.8266602e+00
   4.5000000e+02   1.1661933e+01
   4.5200000e+02   1.1170600e+01
   4.5400000e+02   5.5347218e+00
   4.5600000e+02   7.3988971e+00
   4.5800000e+02   8.7087331e+00
   4.6000000e+02   9.3353271e+00
   4.6200000e+02   1.1170600e+01
   4.6400000e+02   1.1170600e+01
   4.6600000e+02   9.4653859e+00
   4.6800000e+02   1.6213989e+01
   4.7000000e+02   1.9292046e+01
   4.7200000e+02   2.1979927e+01
   4.7400000e+02   1.9783379e+01
   4.7600000e+02   2.0997261e+01
   4.7800000e+02   2.0274712e+01
   4.8000000e+02   2.0635986e+01
   4.8200000e+02   2.2500162e+01
   4.8400000e+02   2.3945259e+01
   4.8600000e+02   2.3815200e+01
   4.8800000e+02   2.6271865e+01
   4.9000000e+02   2.7514648e+01
   4.9200000e+02   2.2861436e+01
   4.9400000e+02   2.4740062e+01
   4.9600000e+02   3.0043568e+01
   4.9800000e+02   2.8757432e+01
   5.0000000e+02   2.3092651e+01
   5.0200000e+02   1.8384970e+01
   5.0400000e+02   1.6122578e+01
   5.0600000e+02   2.1748711e+01
   5.0800000e+02   2.6662041e+01
   5.1000000e+02   2.1951025e+01
   5.1200000e+02   1.0679267e+01
   5.1400000e+02   3.9017621e-01
   5.1600000e+02   0.0000000e+00
   5.1800000e+02   4.4942519e+00
   5.2000000e+02   7.9913869e+00
   5.2200000e+02   4.7543694e+00
   5.2400000e+02   4.4219971e+00
   5.2600000e+02   1.2861364e+00
   5.2800000e+02   6.8786621e+00
   5.3000000e+02   9.9567189e+00
   5.3200000e+02   1.8049263e+01
   5.3400000e+02   1.5361382e+01
   5.3600000e+02   3.0462646e+01
   5.3800000e+02   3.0072470e+01
   5.4000000e+02   2.9306569e+01
   5.4200000e+02   3.0101372e+01
   5.4400000e+02   2.7980145e+01
   5.4600000e+02   2.2109985e+01
   5.4800000e+02   1.9393203e+01
   5.5000000e+02   1.6474107e+01
   5.5200000e+02   1.6663703e+01
   5.5400000e+02   1.9234242e+01
   5.5600000e+02   1.2702403e+01
   5.5800000e+02   1.0578111e+01
   5.6000000e+02   1.1844755e+01
   5.6200000e+02   4.9277810e+00
   5.6400000e+02   1.0650365e+01
   5.6600000e+02   7.8613281e+00
   5.6800000e+02   1.1893149e+01
   5.7000000e+02   1.3135932e+01
   5.7200000e+02   1.6878734e+01
   5.7400000e+02   2.2471260e+01
   5.7600000e+02   2.5057983e+01
   5.7800000e+02   2.5549316e+01
   5.8000000e+02   2.5650473e+01
   5.8200000e+02   1.9783379e+01
   5.8400000e+02   1.3034776e+01
   5.8600000e+02   1.2413384e+01
   5.8800000e+02   1.3887383e+01
   5.9000000e+02   1.3713971e+01
   5.9200000e+02   1.9292046e+01
   5.9400000e+02   1.0346895e+01
   5.9600000e+02   9.4653859e+00
   5.9800000e+02   1.2644599e+01
   6.0000000e+02   1.1922051e+01
   6.0200000e+02   9.8266602e+00
   6.0400000e+02   9.3642291e+00
   6.0600000e+02   1.3294893e+01
   6.0800000e+02   1.9690543e+01
   6.1000000e+02   2.1257378e+01
   6.1200000e+02   1.7155036e+01
   6.1400000e+02   1.2211070e+01
   6.1600000e+02   1.3265991e+01
   6.1800000e+02   1.4566579e+01
   6.2000000e+02   1.7557930e+01
   6.2200000e+02   2.0014595e+01
   6.2400000e+02   2.1387437e+01
   6.2600000e+02   1.9783379e+01
   6.2800000e+02   1.8670654e+01
   6.3000000e+02   1.5621499e+01
   6.3200000e+02   1.5101265e+01
   6.3400000e+02   8.7717393e+00
   6.3600000e+02   9.3064252e+00
   6.3800000e+02   1.2904717e+01
   6.4000000e+02   5.2457024e+00
   6.4200000e+02   2.3266063e+00
   6.4400000e+02   9.4364839e+00
   6.4600000e+02   1.1791992e+01
   6.4800000e+02   1.3063678e+01
   6.5000000e+02   1.6994342e+01
   6.5200000e+02   2.5290879e+01
   6.5400000e+02   2.5939493e+01
   6.5600000e+02   1.4664375e+01
   6.5800000e+02   1.2774658e+01
   6.6000000e+02   1.2875815e+01
   6.6200000e+02   1.2702403e+01
   6.6400000e+02   2.0766045e+01
   6.6600000e+02   2.1748711e+01
   6.6800000e+02   2.3222710e+01
   6.7000000e+02   1.9523262e+01
   6.7200000e+02   1.8800713e+01
   6.7400000e+02   1.7456773e+01
   6.7600000e+02   2.2240044e+01
   6.7800000e+02   2.3453926e+01
   6.8000000e+02   2.3323867e+01
   6.8200000e+02   2.2109985e+01
   6.8400000e+02   1.9884536e+01
   6.8600000e+02   1.7456773e+01
   6.8800000e+02   1.7687988e+01
   6.9000000e+02   1.9031929e+01
   6.9200000e+02   2.0505928e+01
   6.9400000e+02   2.1488594e+01
   6.9600000e+02   1.6112832e+01
   6.9800000e+02   1.7687988e+01
   7.0000000e+02   1.5130166e+01
   7.0200000e+02   1.5953872e+01
   7.0400000e+02   1.3804145e+01
   7.0600000e+02   1.3135932e+01
   7.0800000e+02   1.2081012e+01
   7.1000000e+02   1.0317993e+01
   7.1200000e+02   9.8266602e+00
   7.1400000e+02   1.0317993e+01
   7.1600000e+02   1.2919168e+01
   7.1800000e+02   1.5722656e+01
   7.2000000e+02   1.2774658e+01
   7.2200000e+02   1.4118598e+01
   7.2400000e+02   1.4841147e+01
   7.2600000e+02   1.5361382e+01
   7.2800000e+02   1.6344048e+01
   7.3000000e+02   1.8019352e+01
   7.3200000e+02   2.8136040e+01
   7.3400000e+02   3.1084038e+01
   7.3600000e+02   3.1676528e+01
   7.3800000e+02   2.8858589e+01
   7.4000000e+02   2.7644707e+01
   7.4200000e+02   3.0332588e+01
   7.4400000e+02   2.8034883e+01
   7.4600000e+02   2.5650473e+01
   7.4800000e+02   2.6849904e+01
   7.5000000e+02   3.1936646e+01
   7.5200000e+02   2.8323903e+01
   7.5400000e+02   3.0664960e+01
   7.5600000e+02   2.7933727e+01
   7.5800000e+02   2.8237197e+01
   7.6000000e+02   2.5375905e+01
   7.6200000e+02   2.2471260e+01
   7.6400000e+02   2.4075317e+01
   7.6600000e+02   2.1748711e+01
   7.6800000e+02   1.6300695e+01
   7.7000000e+02   2.0737143e+01
   7.7200000e+02   2.3193808e+01
   7.7400000e+02   2.3815200e+01
   7.7600000e+02   2.4205376e+01
   7.7800000e+02   2.4696709e+01
   7.8000000e+02   2.3063749e+01
   7.8200000e+02   2.2008829e+01
   7.8400000e+02   2.4797866e+01
   7.8600000e+02   2.7774766e+01
   7.8800000e+02   2.7803668e+01
   7.9000000e+02   2.7023315e+01
   7.9200000e+02   2.7153374e+01
   7.9400000e+02   2.1633103e+01
   7.9600000e+02   2.3583984e+01
   7.9800000e+02   2.1488594e+01
