   0.0000000e+00   8.0086727e+01
   2.0000000e+00   7.9469954e+01
   4.0000000e+00   8.0073543e+01
   6.0000000e+00   8.0507433e+01
   8.0000000e+00   7.9550713e+01
   1.0000000e+01   8.0038072e+01
   1.2000000e+01   8.2386398e+01
   1.4000000e+01   8.0103013e+01
   1.6000000e+01   7.9472501e+01
   1.8000000e+01   8.0485559e+01
   2.0000000e+01   7.8010059e+01
   2.2000000e+01   7.9215216e+01
   2.4000000e+01   7.8687028e+01
   2.6000000e+01   8.0118529e+01
   2.8000000e+01   7.6227710e+01
   3.0000000e+01   8.0534129e+01
   3.2000000e+01   7.9768367e+01
   3.4000000e+01   7.9488185e+01
   3.6000000e+01   7.9358099e+01
   3.8000000e+01   7.9729249e+01
   4.0000000e+01   7.9498548e+01
   4.2000000e+01   7.9923502e+01
   4.4000000e+01   7.8201615e+01
   4.6000000e+01   8.0464338e+01
   4.8000000e+01   8.0191460e+01
   5.0000000e+01   8.0301529e+01
   5.2000000e+01   7.8481366e+01
   5.4000000e+01   7.7882182e+01
   5.6000000e+01   7.7854682e+01
   5.8000000e+01   7.9629185e+01
   6.0000000e+01   7.7635015e+01
   6.2000000e+01   7.7584345e+01
   6.4000000e+01   7.7860566e+01
   6.6000000e+01   7.7936373e+01
   6.8000000e+01   7.7658510e+01
   7.0000000e+01   7.8016662e+01
   7.2000000e+01   7.8651686e+01
   7.4000000e+01   7.8194950e+01
   7.6000000e+01   7.7313508e+01
   7.8000000e+01   7.8218748e+01
   8.0000000e+01   7.9096595e+01
   8.2000000e+01   7.5699354e+01
   8.4000000e+01   7.7456263e+01
   8.6000000e+01   7.7593777e+01
   8.8000000e+01   7.8805325e+01
   9.0000000e+01   7.8088458e+01
   9.2000000e+01   7.6881439e+01
   9.4000000e+01   7.7645249e+01
   9.6000000e+01   7.6185410e+01
   9.8000000e+01   7.7703153e+01
   1.0000000e+02   7.8291613e+01
   1.0200000e+02   7.7384230e+01
   1.0400000e+02   7.6972934e+01
   1.0600000e+02   7.3765248e+01
   1.0800000e+02   7.5114419e+01
   1.1000000e+02   7.6611062e+01
   1.1200000e+02   7.4666678e+01
   1.1400000e+02   7.4415116e+01
   1.1600000e+02   7.7455628e+01
   1.1800000e+02   7.6978562e+01
   1.2000000e+02   7.4458047e+01
   1.2200000e+02   7.6990687e+01
   1.2400000e+02   7.5095520e+01
   1.2600000e+02   7.3906131e+01
   1.2800000e+02   7.3529827e+01
   1.3000000e+02   7.5148784e+01
   1.3200000e+02   7.6879976e+01
   1.3400000e+02   7.7460855e+01
   1.3600000e+02   7.2939144e+01
   1.3800000e+02   7.2458179e+01
   1.4000000e+02   7.5066546e+01
   1.4200000e+02   7.3776381e+01
   1.4400000e+02   6.7689418e+01
   1.4600000e+02   6.9186188e+01
   1.4800000e+02   7.2892453e+01
   1.5000000e+02   7.4053591e+01
   1.5200000e+02   6.7515696e+01
   1.5400000e+02   6.6849279e+01
   1.5600000e+02   6.9401859e+01
   1.5800000e+02   7.0316356e+01
   1.6000000e+02   6.5582156e+01
   1.6200000e+02   6.3918369e+01
   1.6400000e+02   6.2378785e+01
   1.6600000e+02   6.6233572e+01
   1.6800000e+02   6.3946204e+01
   1.7000000e+02   6.9711284e+01
   1.7200000e+02   6.4739889e+01
   1.7400000e+02   6.5647163e+01
   1.7600000e+02   6.8754612e+01
   1.7800000e+02   6.2828815e+01
   1.8000000e+02   5.9036396e+01
